<YEI3Space WL:12000861>


           R,                   i,                  j,                    k,        %,  Button

(-0.8773266077041626, -0.4633628726005554, 0.05187535285949707, 0.11358784884214401, 57, 0)
(-0.8702378273010254, -0.47716403007507324, 0.05318984389305115, 0.11032545566558838, 57, 0)
(-0.8651894330978394, -0.4866443872451782, 0.05327242612838745, 0.10856668651103973, 57, 0)
(-0.8569172024726868, -0.5017173290252686, 0.04919278621673584, 0.10748475790023804, 57, 0)
(-0.8506156802177429, -0.5123953819274902, 0.04472342133522034, 0.10910595208406448, 57, 0)
(-0.8450599908828735, -0.5214993953704834, 0.04131758213043213, 0.11047647148370743, 57, 0)
(-0.8362709283828735, -0.5356883406639099, 0.03589165210723877, 0.11135963350534439, 57, 0)
(-0.8244128823280334, -0.5541180968284607, 0.026971548795700073, 0.11211267113685608, 57, 0)
(-0.8116177320480347, -0.5730034708976746, 0.01894664764404297, 0.11218315362930298, 57, 0)
(-0.801030158996582, -0.5881900191307068, 0.012596428394317627, 0.11056546866893768, 57, 0)
(-0.7940181493759155, -0.5981267094612122, 0.007472515106201172, 0.10827749222517014, 57, 0)
(-0.7810938358306885, -0.6159057021141052, -0.0010024011135101318, 0.1027228832244873, 57, 0)
(-0.7725493907928467, -0.6275089979171753, -0.006506174802780151, 0.09673549234867096, 57, 0)
(-0.7635773420333862, -0.6392989754676819, -0.014305979013442993, 0.08967772871255875, 57, 0)
(-0.7524808645248413, -0.6525898575782776, -0.024420052766799927, 0.08545613288879395, 57, 0)
(-0.7418645620346069, -0.6644721627235413, -0.033330678939819336, 0.08368399739265442, 57, 0)
(-0.7244693636894226, -0.6828023791313171, -0.04688823223114014, 0.08201632648706436, 57, 0)
(-0.7139185667037964, -0.6933494806289673, -0.054727524518966675, 0.0811908096075058, 57, 0)
(-0.6969839930534363, -0.7094482779502869, -0.06690874695777893, 0.08012326806783676, 57, 0)
(-0.6848549842834473, -0.7203517556190491, -0.07546854019165039, 0.07982330024242401, 57, 0)
(-0.6597381234169006, -0.7414395809173584, -0.0924077033996582, 0.08046013861894608, 57, 0)
(-0.6381943821907043, -0.7580532431602478, -0.10565385222434998, 0.08307112008333206, 57, 0)
(-0.6057084202766418, -0.7814037799835205, -0.1230560690164566, 0.08592428267002106, 57, 0)
(-0.5775757431983948, -0.8001813292503357, -0.13577115535736084, 0.08765024691820145, 57, 0)
(-0.5561422109603882, -0.8136306405067444, -0.1440209299325943, 0.08927107602357864, 57, 0)
(-0.5332061052322388, -0.827251136302948, -0.15200422704219818, 0.09078468382358551, 57, 0)
(-0.49851322174072266, -0.8464500308036804, -0.1636061668395996, 0.09077537804841995, 57, 0)
(-0.45237258076667786, -0.8691743016242981, -0.18128308653831482, 0.08385512977838516, 57, 0)
(-0.4280029833316803, -0.879332423210144, -0.19413794577121735, 0.07680350542068481, 57, 0)
(-0.3909634053707123, -0.8929647207260132, -0.2134149670600891, 0.0649280771613121, 57, 0)
(-0.33911073207855225, -0.9097228050231934, -0.2345336675643921, 0.04901545122265816, 57, 0)
(-0.29812976717948914, -0.9210673570632935, -0.24780288338661194, 0.0367080420255661, 57, 0)
(-0.2440420538187027, -0.9329894781112671, -0.2638603448867798, 0.01876313053071499, 57, 0)
(-0.18769900500774384, -0.9420444965362549, -0.27803510427474976, -0.004210020415484905, 57, 0)
(-0.13223648071289062, -0.9469988942146301, -0.29118812084198, -0.03026748262345791, 57, 0)
(-0.09307771921157837, -0.9475574493408203, -0.3015902638435364, -0.05014696344733238, 57, 0)
(-0.041763901710510254, -0.9455848336219788, -0.3136495351791382, -0.07582304626703262, 57, 0)
(-0.0011403616517782211, -0.9420610666275024, -0.3216594159603119, -0.09515833109617233, 57, 0)
(0.05212085694074631, -0.9335649013519287, -0.33422693610191345, -0.11845995485782623, 57, 0)
(0.10343968868255615, -0.921282172203064, -0.3480795919895172, -0.1392124891281128, 57, 0)
(0.1387428492307663, -0.910305380821228, -0.35835790634155273, -0.15386413037776947, 57, 0)
(0.17793449759483337, -0.8953012228012085, -0.3712111711502075, -0.17022772133350372, 57, 0)
(0.19530080258846283, -0.8876858353614807, -0.3773355484008789, -0.1774531453847885, 57, 0)
(0.21764527261257172, -0.8769451975822449, -0.3856102228164673, -0.18682250380516052, 57, 0)
(0.2324996441602707, -0.8696399331092834, -0.39047953486442566, -0.19286321103572845, 57, 0)
(0.26340457797050476, -0.8545312285423279, -0.3983110189437866, -0.20431137084960938, 57, 0)
(0.29652655124664307, -0.8372962474822998, -0.405838280916214, -0.21517972648143768, 57, 0)
(0.3221867084503174, -0.8227750658988953, -0.41163650155067444, -0.22314229607582092, 57, 0)
(0.3572014570236206, -0.8013539910316467, -0.4182129204273224, -0.23523835837841034, 57, 0)
(0.3755948543548584, -0.789055585861206, -0.42138683795928955, -0.24239042401313782, 57, 0)
(0.41080033779144287, -0.7636735439300537, -0.4269668161869049, -0.2564085125923157, 57, 0)
(0.44433969259262085, -0.7371548414230347, -0.4314592778682709, -0.270200252532959, 57, 0)
(0.46885108947753906, -0.7155739068984985, -0.435299813747406, -0.2804407477378845, 57, 0)
(0.48484137654304504, -0.6999402642250061, -0.4386448562145233, -0.2874077260494232, 57, 0)
(0.5058939456939697, -0.6768802404403687, -0.4444082975387573, -0.2973318099975586, 57, 0)
(0.5298364162445068, -0.6469359397888184, -0.45297694206237793, -0.3091265857219696, 57, 0)
(0.5497889518737793, -0.6194738149642944, -0.4615183472633362, -0.31778186559677124, 57, 0)
(0.5623051524162292, -0.6016678214073181, -0.4676125943660736, -0.32116588950157166, 57, 0)
(0.5766205191612244, -0.5801212787628174, -0.47809019684791565, -0.3199971318244934, 57, 0)
(0.5827217102050781, -0.5700752139091492, -0.48507100343704224, -0.31647464632987976, 57, 0)
(0.5900284051895142, -0.5573408007621765, -0.4945344030857086, -0.3109237849712372, 57, 0)
(0.5975826978683472, -0.5435420274734497, -0.5042121410369873, -0.3053315281867981, 57, 0)
(0.6050844192504883, -0.5307191610336304, -0.5111281871795654, -0.3015928268432617, 57, 0)
(0.6167600750923157, -0.5118091106414795, -0.5190381407737732, -0.2970828711986542, 57, 0)
(0.6195598244667053, -0.5073182582855225, -0.520803689956665, -0.29586729407310486, 57, 0)
(0.632938027381897, -0.4861235022544861, -0.5301418900489807, -0.286396861076355, 57, 0)
(0.6374855041503906, -0.4784442186355591, -0.5343225598335266, -0.28143033385276794, 57, 0)
(0.6417247653007507, -0.4706103503704071, -0.5388325452804565, -0.27636009454727173, 57, 0)
(0.6488855481147766, -0.45545345544815063, -0.5480901598930359, -0.26665884256362915, 57, 0)
(0.6520436406135559, -0.448161780834198, -0.5528737306594849, -0.26138269901275635, 57, 0)
(0.6548757553100586, -0.44147253036499023, -0.5575813055038452, -0.2556229531764984, 57, 0)
(0.6595970988273621, -0.43019235134124756, -0.5662317276000977, -0.24340926110744476, 57, 0)
(0.662358283996582, -0.4227716624736786, -0.5724847912788391, -0.23410892486572266, 57, 0)
(0.6637145280838013, -0.41796693205833435, -0.5769398212432861, -0.22787585854530334, 57, 0)
(0.6658982634544373, -0.40884944796562195, -0.5855062007904053, -0.2158806324005127, 57, 0)
(0.6679902076721191, -0.40186452865600586, -0.591407835483551, -0.2062300443649292, 57, 0)
(0.6728480458259583, -0.38906973600387573, -0.5997211933135986, -0.19035464525222778, 57, 0)
(0.6792792081832886, -0.3759322464466095, -0.6068311333656311, -0.17032554745674133, 57, 0)
(0.6812157034873962, -0.3713236153125763, -0.6103359460830688, -0.15985649824142456, 57, 0)
(0.6828263998031616, -0.3667963147163391, -0.6136124134063721, -0.1506262719631195, 57, 0)
(0.6842989921569824, -0.35864928364753723, -0.6209962964057922, -0.1321718394756317, 57, 0)
(0.6857802271842957, -0.35596656799316406, -0.623942494392395, -0.11700113117694855, 57, 0)
(0.6877015829086304, -0.3573388159275055, -0.6244332790374756, -0.09725528955459595, 57, 0)
(0.687286913394928, -0.3580492436885834, -0.626514732837677, -0.08316734433174133, 57, 0)
(0.685465931892395, -0.35650449991226196, -0.6309481263160706, -0.07032594084739685, 57, 0)
(0.6841558218002319, -0.3543171286582947, -0.6344889402389526, -0.06175851821899414, 57, 0)
(0.6817070245742798, -0.3432658612728119, -0.6444845795631409, -0.04564860463142395, 57, 0)
(0.6814557909965515, -0.3384096622467041, -0.6477518081665039, -0.03891810402274132, 57, 0)
(0.6815434694290161, -0.3292006254196167, -0.6529929041862488, -0.02694491669535637, 57, 0)
(0.6810034513473511, -0.3207295835018158, -0.6580737829208374, -0.017488446086645126, 57, 0)
(0.6802847981452942, -0.31612223386764526, -0.6611323356628418, -0.013546578586101532, 57, 0)
(0.6793481707572937, -0.3110535740852356, -0.6645567417144775, -0.009810181334614754, 57, 0)
(0.6773014068603516, -0.3019569218158722, -0.6708775162696838, -0.0029072053730487823, 57, 0)
(0.6755450367927551, -0.29558369517326355, -0.6754745244979858, 0.0019058166071772575, 57, 0)
(0.6720603704452515, -0.28867340087890625, -0.6818451881408691, 0.009480779059231281, 57, 0)
(0.6668596267700195, -0.28304538130760193, -0.6890572905540466, 0.019591309130191803, 57, 0)
(0.6602450609207153, -0.27986395359039307, -0.6962094306945801, 0.03233103081583977, 57, 0)
(0.6562260985374451, -0.27969494462013245, -0.6996154189109802, 0.04094621166586876, 57, 0)
(0.6521459221839905, -0.2797321677207947, -0.70278400182724, 0.05050168186426163, 57, 0)
(0.6460172533988953, -0.28044599294662476, -0.7069820165634155, 0.06471744179725647, 57, 0)
(0.6390676498413086, -0.27905595302581787, -0.712511420249939, 0.07776840031147003, 57, 0)
(0.6338066458702087, -0.27879947423934937, -0.7163308262825012, 0.08620014786720276, 57, 0)
(0.6300892233848572, -0.2793686091899872, -0.7186350226402283, 0.09222140163183212, 57, 0)
(0.620731770992279, -0.2836565375328064, -0.7232069969177246, 0.10584366321563721, 57, 0)
(0.607043445110321, -0.29293400049209595, -0.7283142805099487, 0.1234763041138649, 57, 0)
(0.594874918460846, -0.3012942373752594, -0.7324047684669495, 0.13758373260498047, 57, 0)
(0.5857260823249817, -0.30834588408470154, -0.7346768975257874, 0.1486535519361496, 57, 0)
(0.570462703704834, -0.32184356451034546, -0.7365365028381348, 0.16882921755313873, 57, 0)
(0.5466099977493286, -0.34433114528656006, -0.7371644973754883, 0.19809675216674805, 57, 0)
(0.519173264503479, -0.3732152581214905, -0.7349327206611633, 0.2259284108877182, 57, 0)
(0.493141770362854, -0.4076121747493744, -0.7243192195892334, 0.25695398449897766, 57, 0)
(0.4743366539478302, -0.4308452308177948, -0.7134729027748108, 0.28343212604522705, 57, 0)
(0.46190816164016724, -0.4444480538368225, -0.706084132194519, 0.3009190559387207, 57, 0)
(0.43917083740234375, -0.46694323420524597, -0.6936564445495605, 0.32853299379348755, 57, 0)
(0.4262155294418335, -0.4781530499458313, -0.6875848770141602, 0.3419608771800995, 57, 0)
(0.40567702054977417, -0.4945065379142761, -0.6779651641845703, 0.3622882664203644, 57, 0)
(0.38433384895324707, -0.511169970035553, -0.6663005352020264, 0.3834534287452698, 57, 0)
(0.3534376621246338, -0.5335181355476379, -0.6480404138565063, 0.41289710998535156, 57, 0)
(0.3276160657405853, -0.5505998730659485, -0.6320121884346008, 0.4359680414199829, 57, 0)
(0.2907622754573822, -0.5729477405548096, -0.6078287363052368, 0.4666183590888977, 57, 0)
(0.2512446343898773, -0.5941696763038635, -0.5804533958435059, 0.4969029426574707, 57, 0)
(0.20960652828216553, -0.6134347319602966, -0.5513397455215454, 0.5251550078392029, 57, 0)
(0.1670931726694107, -0.6300123929977417, -0.523249089717865, 0.5489763617515564, 57, 0)
(0.14509525895118713, -0.6364741921424866, -0.5102697610855103, 0.5598866939544678, 57, 0)
(0.12362576276063919, -0.6415601968765259, -0.49840158224105835, 0.5698360800743103, 57, 0)
(0.09343516826629639, -0.6465162634849548, -0.4832531809806824, 0.5828834772109985, 57, 0)
(0.05530720576643944, -0.6496091485023499, -0.46617835760116577, 0.5980191230773926, 57, 0)
(0.0167241133749485, -0.6497965455055237, -0.4503925144672394, 0.6120716333389282, 57, 0)
(-0.0031109736301004887, -0.6488684415817261, -0.44198888540267944, 0.6193593144416809, 57, 0)
(-0.030926909297704697, -0.6464549899101257, -0.42924582958221436, 0.6299900412559509, 57, 0)
(-0.06929893046617508, -0.643263041973114, -0.4102230668067932, 0.6427499651908875, 57, 0)
(-0.10096362978219986, -0.6390151977539062, -0.395463228225708, 0.6519777774810791, 57, 0)
(-0.1419084519147873, -0.6305543184280396, -0.37781620025634766, 0.6629618406295776, 57, 0)
(-0.18138816952705383, -0.6200047135353088, -0.36192387342453003, 0.672089159488678, 57, 0)
(-0.190911665558815, -0.6172252297401428, -0.35820308327674866, 0.6740003228187561, 57, 0)
(-0.2231016904115677, -0.6074451208114624, -0.34559744596481323, 0.6795575618743896, 57, 0)
(-0.25425219535827637, -0.5972247123718262, -0.3335793614387512, 0.6836690902709961, 57, 0)
(-0.2734915018081665, -0.5903440117835999, -0.3266838788986206, 0.6855465173721313, 57, 0)
(-0.3078518509864807, -0.5770742297172546, -0.31589359045028687, 0.6873310804367065, 57, 0)
(-0.33182215690612793, -0.5670312643051147, -0.3093845844268799, 0.6874961256980896, 57, 0)
(-0.3619413673877716, -0.5536527037620544, -0.3019116520881653, 0.6865249872207642, 57, 0)
(-0.3916817307472229, -0.5401892066001892, -0.29496055841445923, 0.6839442253112793, 57, 0)
(-0.4152332544326782, -0.530298113822937, -0.28834235668182373, 0.6806056499481201, 57, 0)
(-0.43188410997390747, -0.5237617492675781, -0.2829378843307495, 0.6775662899017334, 57, 0)
(-0.44865089654922485, -0.51711505651474, -0.2772110402584076, 0.6741353869438171, 57, 0)
(-0.47218480706214905, -0.507425844669342, -0.26930463314056396, 0.6686072945594788, 57, 0)
(-0.5003162622451782, -0.49577152729034424, -0.2615657150745392, 0.6599072813987732, 57, 0)
(-0.5268009901046753, -0.4846600294113159, -0.2558256983757019, 0.6497220396995544, 57, 0)
(-0.5415408611297607, -0.4782140254974365, -0.2510908842086792, 0.6442038416862488, 57, 0)
(-0.5708752870559692, -0.4650968909263611, -0.24015416204929352, 0.6325444579124451, 57, 0)
(-0.5918825268745422, -0.45513665676116943, -0.2334456592798233, 0.6229197978973389, 57, 0)
(-0.6179651618003845, -0.44364988803863525, -0.22617599368095398, 0.6083899736404419, 57, 0)
(-0.6435700058937073, -0.4330064058303833, -0.21867451071739197, 0.5920344591140747, 57, 0)
(-0.6672803163528442, -0.42413946986198425, -0.21232007443904877, 0.5742500424385071, 57, 0)
(-0.6847383379936218, -0.4169335663318634, -0.20784756541252136, 0.5604456067085266, 57, 0)
(-0.7081242203712463, -0.4042032063007355, -0.19966590404510498, 0.543427586555481, 57, 0)
(-0.7199800610542297, -0.39686352014541626, -0.19474798440933228, 0.5349779725074768, 57, 0)
(-0.7412683367729187, -0.38424137234687805, -0.1861369013786316, 0.5179122090339661, 57, 0)
(-0.7566884160041809, -0.37619906663894653, -0.18070539832115173, 0.5032320618629456, 57, 0)
(-0.7715357542037964, -0.36979860067367554, -0.17595666646957397, 0.4868481159210205, 57, 0)
(-0.776013195514679, -0.3682272732257843, -0.17454934120178223, 0.4813988506793976, 57, 0)
(-0.7943835854530334, -0.36352288722991943, -0.1687237024307251, 0.4564410448074341, 57, 0)
(-0.8100959062576294, -0.36034712195396423, -0.16297942399978638, 0.4328191578388214, 57, 0)
(-0.8198426365852356, -0.3589848577976227, -0.159664124250412, 0.4165276288986206, 57, 0)
(-0.8246890902519226, -0.35961413383483887, -0.15832188725471497, 0.40681660175323486, 57, 0)
(-0.8285931348800659, -0.3611952066421509, -0.15750360488891602, 0.39769861102104187, 57, 0)
(-0.8347057104110718, -0.36604639887809753, -0.15676119923591614, 0.38039785623550415, 57, 0)
(-0.8385339975357056, -0.37082523107528687, -0.15626806020736694, 0.367328017950058, 57, 0)
(-0.8424196839332581, -0.378557950258255, -0.15619009733200073, 0.35018259286880493, 57, 0)
(-0.8447331786155701, -0.38515526056289673, -0.15656858682632446, 0.3369980454444885, 57, 0)
(-0.846807062625885, -0.39110445976257324, -0.15628966689109802, 0.3248516023159027, 57, 0)
(-0.8498076796531677, -0.39707881212234497, -0.15469956398010254, 0.31019914150238037, 57, 0)
(-0.8513343334197998, -0.40181964635849, -0.15258482098579407, 0.30081358551979065, 57, 0)
(-0.8524893522262573, -0.4086151123046875, -0.1489810347557068, 0.29000112414360046, 57, 0)
(-0.8528527021408081, -0.4149058759212494, -0.1459433138370514, 0.2814180552959442, 57, 0)
(-0.853137195110321, -0.4195190668106079, -0.14367541670799255, 0.27480563521385193, 57, 0)
(-0.8564882278442383, -0.42298266291618347, -0.139789879322052, 0.2607153356075287, 57, 0)
(-0.8588226437568665, -0.4308168888092041, -0.1342012584209442, 0.24250924587249756, 57, 0)
(-0.8562120795249939, -0.44411200284957886, -0.12866699695587158, 0.23045654594898224, 57, 0)
(-0.8520011305809021, -0.4573467969894409, -0.12456709146499634, 0.22228623926639557, 57, 0)
(-0.8475364446640015, -0.4686974883079529, -0.12205076217651367, 0.2170446515083313, 57, 0)
(-0.8445140719413757, -0.47780635952949524, -0.11904090642929077, 0.2105388343334198, 57, 0)
(-0.8412089943885803, -0.48954734206199646, -0.11301890015602112, 0.19984465837478638, 57, 0)
(-0.8365670442581177, -0.5037104487419128, -0.10615482926368713, 0.18751749396324158, 57, 0)
(-0.8331961631774902, -0.5124728083610535, -0.10284340381622314, 0.18049737811088562, 57, 0)
(-0.8240740895271301, -0.5324772596359253, -0.09778812527656555, 0.16675642132759094, 57, 0)
(-0.8101075291633606, -0.5579479932785034, -0.09428271651268005, 0.15339750051498413, 57, 0)
(-0.7965866923332214, -0.5800361037254333, -0.09181404113769531, 0.1434510350227356, 57, 0)
(-0.7810413837432861, -0.6035381555557251, -0.08865076303482056, 0.13363119959831238, 57, 0)
(-0.7572572231292725, -0.6364204287528992, -0.08315563201904297, 0.12089626491069794, 57, 0)
(-0.7386265397071838, -0.6606144905090332, -0.07756248116493225, 0.10956097394227982, 57, 0)
(-0.7157720327377319, -0.6887214183807373, -0.06881782412528992, 0.09272328019142151, 57, 0)
(-0.6933503150939941, -0.7141581177711487, -0.060799986124038696, 0.0744781643152237, 57, 0)
(-0.674652099609375, -0.7334040403366089, -0.05763384699821472, 0.06034614518284798, 57, 0)
(-0.6602044105529785, -0.747130811214447, -0.05733299255371094, 0.051370181143283844, 57, 0)
(-0.6360906362533569, -0.768349826335907, -0.05873486399650574, 0.03971949219703674, 57, 0)
(-0.6177168488502502, -0.7834271788597107, -0.05979067087173462, 0.03305933251976967, 57, 0)
(-0.5805670619010925, -0.811604917049408, -0.06105312705039978, 0.022630678489804268, 57, 0)
(-0.5605748295783997, -0.8256714344024658, -0.06079499423503876, 0.018078144639730453, 57, 0)
(-0.5201313495635986, -0.851990818977356, -0.059036239981651306, 0.009484944865107536, 57, 0)
(-0.4809463620185852, -0.8747882843017578, -0.05861176550388336, -0.0009691966697573662, 57, 0)
(-0.46140357851982117, -0.8851472735404968, -0.05971132218837738, -0.007470892742276192, 57, 0)
(-0.4422631561756134, -0.8946325778961182, -0.06192503869533539, -0.014182321727275848, 57, 0)
(-0.40697795152664185, -0.9104366302490234, -0.06922559440135956, -0.02611902914941311, 57, 0)
(-0.382487952709198, -0.9201833009719849, -0.07621769607067108, -0.034009963274002075, 57, 0)
(-0.35454750061035156, -0.930192768573761, -0.0846049040555954, -0.04335687309503555, 57, 0)
(-0.33700352907180786, -0.9358991980552673, -0.08935625106096268, -0.05036882311105728, 57, 0)
(-0.31757110357284546, -0.9416612386703491, -0.09453386068344116, -0.059045951813459396, 57, 0)
(-0.29863762855529785, -0.9465824961662292, -0.10135321319103241, -0.06726617366075516, 57, 0)
(-0.2764512896537781, -0.9516794681549072, -0.110817089676857, -0.07483728975057602, 57, 0)
(-0.2706640064716339, -0.9529165625572205, -0.11335743963718414, -0.07642929255962372, 57, 0)
(-0.2453763335943222, -0.9578173756599426, -0.1252577006816864, -0.08177415281534195, 57, 0)
(-0.22697561979293823, -0.9609202742576599, -0.13432887196540833, -0.08408388495445251, 57, 0)
(-0.20255738496780396, -0.9643155336380005, -0.14657562971115112, -0.0870731845498085, 57, 0)
(-0.18455933034420013, -0.9662002921104431, -0.1556645631790161, -0.09035297483205795, 57, 0)
(-0.17323169112205505, -0.9669933319091797, -0.1619696468114853, -0.09316975623369217, 57, 0)
(-0.1626783013343811, -0.9674251675605774, -0.1685428023338318, -0.09600930660963058, 57, 0)
(-0.14339053630828857, -0.9676933884620667, -0.18137581646442413, -0.10055656731128693, 57, 0)
(-0.13874270021915436, -0.967697262763977, -0.18444985151290894, -0.10144460946321487, 57, 0)
(-0.1275998204946518, -0.9676306843757629, -0.1916269212961197, -0.1033845841884613, 57, 0)
(-0.11692360043525696, -0.9674504399299622, -0.1982618123292923, -0.10517007112503052, 57, 0)
(-0.09654492884874344, -0.966585099697113, -0.21066990494728088, -0.10959291458129883, 57, 0)
(-0.0821663960814476, -0.9652917981147766, -0.22009935975074768, -0.11409122496843338, 57, 0)
(-0.06130046024918556, -0.9632440805435181, -0.2328469604253769, -0.11910276114940643, 57, 0)
(-0.046297330409288406, -0.9620521664619446, -0.24025607109069824, -0.12078619748353958, 57, 0)
(-0.02707289531826973, -0.9601735472679138, -0.24877525866031647, -0.12427790462970734, 57, 0)
(-0.012990142218768597, -0.9589478373527527, -0.2542043924331665, -0.12502150237560272, 57, 0)
(-0.0001473771408200264, -0.9577063322067261, -0.25745320320129395, -0.12851610779762268, 57, 0)
(0.016756772994995117, -0.9559627175331116, -0.2621012032032013, -0.13098666071891785, 57, 0)
(0.03017732873558998, -0.9544159770011902, -0.26625481247901917, -0.13148413598537445, 57, 0)
(0.03871723264455795, -0.9530539512634277, -0.2697087526321411, -0.13208505511283875, 57, 0)
(0.052976448088884354, -0.9502013921737671, -0.2772347331047058, -0.13210532069206238, 57, 0)
(0.06334103643894196, -0.9480085968971252, -0.28269997239112854, -0.13171379268169403, 57, 0)
(0.07684247195720673, -0.9449526071548462, -0.2896195650100708, -0.13145582377910614, 57, 0)
(0.08332566916942596, -0.9432438015937805, -0.2933652997016907, -0.1314728558063507, 57, 0)
(0.08971519768238068, -0.9413947463035583, -0.29727697372436523, -0.13173314929008484, 57, 0)
(0.10223257541656494, -0.9372215867042542, -0.3058452606201172, -0.13275180757045746, 57, 0)
(0.11577311903238297, -0.9322052597999573, -0.3154869079589844, -0.13438032567501068, 57, 0)
(0.12261064350605011, -0.9293728470802307, -0.32060226798057556, -0.1358201950788498, 57, 0)
(0.1315215677022934, -0.9251396059989929, -0.32779833674430847, -0.13916610181331635, 57, 0)
(0.13615550100803375, -0.9205790162086487, -0.335665225982666, -0.1460311859846115, 57, 0)
(0.13254903256893158, -0.9172793626785278, -0.34322285652160645, -0.15240593254566193, 57, 0)
(0.1286381632089615, -0.9149706959724426, -0.35067346692085266, -0.1526736170053482, 57, 0)
(0.12823551893234253, -0.9135065078735352, -0.3560132086277008, -0.14938630163669586, 57, 0)
(0.1292969137430191, -0.9126289486885071, -0.3593786954879761, -0.14573229849338531, 57, 0)
(0.13476720452308655, -0.9108721613883972, -0.36502015590667725, -0.1375141143798828, 57, 0)
(0.14187562465667725, -0.9091044664382935, -0.3689315617084503, -0.13149139285087585, 57, 0)
(0.15438212454319, -0.9058715105056763, -0.3741605877876282, -0.12476811558008194, 57, 0)
(0.1683623194694519, -0.9018457531929016, -0.3794487714767456, -0.11977969110012054, 57, 0)
(0.17832717299461365, -0.8978811502456665, -0.3850000500679016, -0.11740507185459137, 57, 0)
(0.19286103546619415, -0.89117032289505, -0.3938554525375366, -0.11618106812238693, 57, 0)
(0.2111569494009018, -0.8821114897727966, -0.40465444326400757, -0.11639217287302017, 57, 0)
(0.22966670989990234, -0.8730180859565735, -0.41375869512557983, -0.11788348853588104, 57, 0)
(0.26011911034584045, -0.8578370809555054, -0.42623645067214966, -0.12155783176422119, 57, 0)
(0.2872745990753174, -0.8441361784934998, -0.4349554479122162, -0.12538516521453857, 57, 0)
(0.31585291028022766, -0.8290964365005493, -0.4429934322834015, -0.12881439924240112, 57, 0)
(0.34393545985221863, -0.8135185837745667, -0.4500598609447479, -0.13168993592262268, 57, 0)
(0.37782564759254456, -0.7933303713798523, -0.45794400572776794, -0.13476717472076416, 57, 0)
(0.40695127844810486, -0.7741273045539856, -0.4650065302848816, -0.13742895424365997, 57, 0)
(0.42529812455177307, -0.760623574256897, -0.47045695781707764, -0.13872192800045013, 57, 0)
(0.4453764259815216, -0.7448996901512146, -0.4770406186580658, -0.1385525017976761, 57, 0)
(0.46184825897216797, -0.7318769693374634, -0.4825165569782257, -0.13501949608325958, 57, 0)
(0.4654031991958618, -0.7291069626808167, -0.4836912453174591, -0.13358817994594574, 57, 0)
(0.47671911120414734, -0.7201552391052246, -0.4878123104572296, -0.12710128724575043, 57, 0)
(0.4874323308467865, -0.711243748664856, -0.49224987626075745, -0.11929921805858612, 57, 0)
(0.5024607181549072, -0.6979331374168396, -0.49898791313171387, -0.10692945867776871, 57, 0)
(0.5151287913322449, -0.6864420771598816, -0.5041391253471375, -0.0963507816195488, 57, 0)
(0.5292217135429382, -0.6739631295204163, -0.5084870457649231, -0.08449402451515198, 57, 0)
(0.5437619090080261, -0.661178708076477, -0.5118992924690247, -0.07158900797367096, 57, 0)
(0.5626444816589355, -0.6446937322616577, -0.514616072177887, -0.054512590169906616, 57, 0)
(0.5775470733642578, -0.6297340393066406, -0.5181368589401245, -0.037532560527324677, 57, 0)
(0.5871358513832092, -0.6200804710388184, -0.519763171672821, -0.024857666343450546, 57, 0)
(0.6007184982299805, -0.6089515089988708, -0.5179057121276855, -0.00944733526557684, 57, 0)
(0.6112816333770752, -0.5989541411399841, -0.5172894597053528, 0.0007931012660264969, 57, 0)
(0.621997058391571, -0.5879495739936829, -0.5170555114746094, 0.00942312367260456, 57, 0)
(0.6340051293373108, -0.5744878053665161, -0.5173127055168152, 0.01972046121954918, 57, 0)
(0.6383962631225586, -0.5686129927635193, -0.518158495426178, 0.025328893214464188, 57, 0)
(0.6419708132743835, -0.5631923079490662, -0.5193688273429871, 0.030729927122592926, 57, 0)
(0.6465699076652527, -0.5541685819625854, -0.5225920677185059, 0.04174020141363144, 57, 0)
(0.6474090218544006, -0.5506783127784729, -0.5246793031692505, 0.04823874682188034, 57, 0)
(0.6453966498374939, -0.5472169518470764, -0.5293165445327759, 0.06197506561875343, 57, 0)
(0.6414622664451599, -0.5465812683105469, -0.5334007143974304, 0.07251869142055511, 57, 0)
(0.6399253606796265, -0.5466281175613403, -0.5347421169281006, 0.0757918432354927, 57, 0)
(0.6320198178291321, -0.5476974844932556, -0.540941596031189, 0.08922296017408371, 57, 0)
(0.6247915625572205, -0.549730658531189, -0.5455673933029175, 0.09893611073493958, 57, 0)
(0.6093605756759644, -0.5563508868217468, -0.5528231263160706, 0.11636268347501755, 57, 0)
(0.5974513292312622, -0.5624551177024841, -0.5570093989372253, 0.12820665538311005, 57, 0)
(0.5824028253555298, -0.5697950720787048, -0.5621387958526611, 0.1419180929660797, 57, 0)
(0.5685628056526184, -0.5752412676811218, -0.5674687623977661, 0.15431568026542664, 57, 0)
(0.5588111281394958, -0.5784505605697632, -0.5712947249412537, 0.16354721784591675, 57, 0)
(0.5494816303253174, -0.5813952684402466, -0.5746809244155884, 0.1726018488407135, 57, 0)
(0.5432904958724976, -0.5830965042114258, -0.5770584344863892, 0.1784304529428482, 57, 0)
(0.5404161214828491, -0.5838214159011841, -0.5781978964805603, 0.1810808926820755, 57, 0)
(0.5224952101707458, -0.5893481969833374, -0.5835210680961609, 0.19791671633720398, 57, 0)
(0.50962895154953, -0.5941442251205444, -0.5858135223388672, 0.20998500287532806, 57, 0)
(0.5000994801521301, -0.5978336930274963, -0.5869578123092651, 0.2190341353416443, 57, 0)
(0.48517704010009766, -0.6038023829460144, -0.5879750847816467, 0.2330479770898819, 57, 0)
(0.46914491057395935, -0.6104856133460999, -0.5881061553955078, 0.24767251312732697, 57, 0)
(0.4525010883808136, -0.6173377633094788, -0.5874951481819153, 0.2626529932022095, 57, 0)
(0.43033578991889954, -0.6263689398765564, -0.5850911736488342, 0.28309327363967896, 57, 0)
(0.4126747250556946, -0.6337382793426514, -0.5820020437240601, 0.2989136576652527, 57, 0)
(0.39983469247817993, -0.6393643617630005, -0.5794537663459778, 0.3091582953929901, 57, 0)
(0.3754415214061737, -0.6523319482803345, -0.5708808898925781, 0.3280273973941803, 57, 0)
(0.35692098736763, -0.6641560792922974, -0.5614579319953918, 0.34098294377326965, 57, 0)
(0.3305979073047638, -0.6826040148735046, -0.5461877584457397, 0.35557815432548523, 57, 0)
(0.30771973729133606, -0.6982370018959045, -0.5327283143997192, 0.36602529883384705, 57, 0)
(0.28301432728767395, -0.7135916948318481, -0.5187811255455017, 0.37623947858810425, 57, 0)
(0.24940700829029083, -0.7310293316841125, -0.501569390296936, 0.389641672372818, 57, 0)
(0.22382892668247223, -0.741230309009552, -0.49004191160202026, 0.400421679019928, 57, 0)
(0.19814682006835938, -0.7487856149673462, -0.4797585904598236, 0.41217705607414246, 57, 0)
(0.1738124042749405, -0.7536593675613403, -0.4710688889026642, 0.42412400245666504, 57, 0)
(0.1516706943511963, -0.7567480802536011, -0.4633890986442566, 0.43542981147766113, 57, 0)
(0.13018612563610077, -0.7594249844551086, -0.4558281898498535, 0.4455852508544922, 57, 0)
(0.10184542089700699, -0.7626224160194397, -0.4461084008216858, 0.4571891725063324, 57, 0)
(0.07223082333803177, -0.7659838795661926, -0.4360152781009674, 0.466842919588089, 57, 0)
(0.049667444080114365, -0.7681536674499512, -0.4284800589084625, 0.4731575846672058, 57, 0)
(0.020766807720065117, -0.7705150246620178, -0.4188169240951538, 0.4800708293914795, 57, 0)
(-0.001932260929606855, -0.7715874910354614, -0.4112251102924347, 0.48532792925834656, 57, 0)
(-0.02497890591621399, -0.7710937857627869, -0.40393781661987305, 0.4915536046028137, 57, 0)
(-0.04062820225954056, -0.7696142792701721, -0.39928150177001953, 0.4966062605381012, 57, 0)
(-0.07132795453071594, -0.7643851637840271, -0.391450971364975, 0.5073399543762207, 57, 0)
(-0.18547748029232025, -0.7338201999664307, -0.3606244623661041, 0.545028805732727, 57, 0)
(-0.25526633858680725, -0.7031821012496948, -0.3246486186981201, 0.5787725448608398, 57, 0)
(-0.3301987051963806, -0.6610895395278931, -0.257539838552475, 0.6225776672363281, 57, 0)
(-0.42719873785972595, -0.5803377032279968, -0.16517294943332672, 0.6733701229095459, 57, 0)
(-0.456623375415802, -0.5457436442375183, -0.13976100087165833, 0.6885679960250854, 57, 0)
(-0.47686100006103516, -0.5188893675804138, -0.13056258857250214, 0.697360098361969, 57, 0)
(-0.4883544445037842, -0.5063592791557312, -0.1279943585395813, 0.6990908980369568, 57, 0)
(-0.5105958580970764, -0.48469817638397217, -0.12412296235561371, 0.6992519497871399, 57, 0)
(-0.5283032655715942, -0.47293052077293396, -0.12299492955207825, 0.6943375468254089, 57, 0)
(-0.5410236716270447, -0.46587321162223816, -0.1233949214220047, 0.6892237663269043, 57, 0)
(-0.5598269104957581, -0.4565686583518982, -0.12453539669513702, 0.6801691055297852, 57, 0)
(-0.5854323506355286, -0.44566771388053894, -0.1240682303905487, 0.6657751202583313, 57, 0)
(-0.6084794402122498, -0.43581706285476685, -0.12087227404117584, 0.6520784497261047, 57, 0)
(-0.624457061290741, -0.4279455244541168, -0.11699561774730682, 0.6428283452987671, 57, 0)
(-0.6441394686698914, -0.4169546961784363, -0.1119782030582428, 0.6314222812652588, 57, 0)
(-0.661963939666748, -0.40687674283981323, -0.10780814290046692, 0.6201875805854797, 57, 0)
(-0.6746770143508911, -0.4001619219779968, -0.10324060916900635, 0.6115742325782776, 57, 0)
(-0.6905441284179688, -0.39213329553604126, -0.0949486792087555, 0.600304365158081, 57, 0)
(-0.7014015316963196, -0.3875906467437744, -0.08820125460624695, 0.5916334390640259, 57, 0)
(-0.7084691524505615, -0.38544559478759766, -0.08349281549453735, 0.5852627158164978, 57, 0)
(-0.721591591835022, -0.38253921270370483, -0.07496008276939392, 0.572145402431488, 57, 0)
(-0.729792058467865, -0.3815833330154419, -0.0685701072216034, 0.563112735748291, 57, 0)
(-0.7344491481781006, -0.38090354204177856, -0.06397977471351624, 0.558035671710968, 57, 0)
(-0.7409471869468689, -0.38037142157554626, -0.054715514183044434, 0.550745964050293, 57, 0)
(-0.7439066171646118, -0.38156044483184814, -0.04643183946609497, 0.546679675579071, 57, 0)
(-0.7457728385925293, -0.38324156403541565, -0.03999048471450806, 0.5434610247612, 57, 0)
(-0.7468255758285522, -0.3847390413284302, -0.036072224378585815, 0.5412269234657288, 57, 0)
(-0.7511471509933472, -0.3932752311229706, -0.02007746696472168, 0.529820442199707, 57, 0)
(-0.7535673379898071, -0.3992912471294403, -0.01159784197807312, 0.5220809578895569, 57, 0)
(-0.7574936151504517, -0.41354942321777344, 0.005466669797897339, 0.5051242709159851, 57, 0)
(-0.7601667642593384, -0.4291597604751587, 0.02338021993637085, 0.48725971579551697, 57, 0)
(-0.7610485553741455, -0.44048845767974854, 0.03629675507545471, 0.47482389211654663, 57, 0)
(-0.7606292366981506, -0.4486236572265625, 0.0449562668800354, 0.46707502007484436, 57, 0)
(-0.7592408657073975, -0.4608250558376312, 0.05677217245101929, 0.45603808760643005, 57, 0)
(-0.7566952109336853, -0.4765661358833313, 0.06911292672157288, 0.4421771764755249, 57, 0)
(-0.753031849861145, -0.49372121691703796, 0.08088275790214539, 0.42736467719078064, 57, 0)
(-0.7471844553947449, -0.5142572522163391, 0.09493505954742432, 0.4101734459400177, 57, 0)
(-0.7408778071403503, -0.5358449220657349, 0.10179239511489868, 0.3919297754764557, 57, 0)
(-0.7354525923728943, -0.5521723628044128, 0.10430562496185303, 0.37859708070755005, 57, 0)
(-0.7254122495651245, -0.5763193964958191, 0.1113276481628418, 0.3594984710216522, 57, 0)
(-0.7169689536094666, -0.592349112033844, 0.11730086803436279, 0.3483084440231323, 57, 0)
(-0.704988956451416, -0.6151555180549622, 0.12178131937980652, 0.331275999546051, 57, 0)
(-0.6974703073501587, -0.6283748149871826, 0.12341082096099854, 0.3216369152069092, 57, 0)
(-0.6852504014968872, -0.6487311720848083, 0.12354180216789246, 0.3071114718914032, 57, 0)
(-0.6759207844734192, -0.6631068587303162, 0.12159694731235504, 0.2977162003517151, 57, 0)
(-0.6659066081047058, -0.6774654388427734, 0.11833411455154419, 0.28914743661880493, 57, 0)
(-0.6506412625312805, -0.6973840594291687, 0.11329089105129242, 0.27836474776268005, 57, 0)
(-0.6303666830062866, -0.7209693789482117, 0.10929140448570251, 0.2662639915943146, 57, 0)
(-0.6098459362983704, -0.743333101272583, 0.10792452096939087, 0.2527772784233093, 57, 0)
(-0.6047034859657288, -0.7488712668418884, 0.10753315687179565, 0.2489221841096878, 57, 0)
(-0.5921280980110168, -0.762129545211792, 0.10601532459259033, 0.23938196897506714, 57, 0)
(-0.5739420652389526, -0.7805128693580627, 0.10232707858085632, 0.22565367817878723, 57, 0)
(-0.5484744310379028, -0.8045399785041809, 0.09459856152534485, 0.20722579956054688, 57, 0)
(-0.5209963321685791, -0.8277756571769714, 0.08704037964344025, 0.189141646027565, 57, 0)
(-0.49901461601257324, -0.8447238802909851, 0.0829712301492691, 0.17476263642311096, 57, 0)
(-0.4764816462993622, -0.8610698580741882, 0.07959911227226257, 0.15870803594589233, 57, 0)
(-0.4376506209373474, -0.8868853449821472, 0.07296304404735565, 0.12873589992523193, 57, 0)
