<YEI3Space WL:12000861>


           R,                   i,                  j,                    k,        %,  Button

(0.13668468594551086, -0.8477558493614197, -0.13190671801567078, 0.4952051639556885, 69, 0)
(0.13665203750133514, -0.8477403521537781, -0.13196004927158356, 0.49522650241851807, 69, 0)
(0.13667894899845123, -0.8477379083633423, -0.13191115856170654, 0.49523627758026123, 69, 0)
(0.13664978742599487, -0.8477181792259216, -0.1318737268447876, 0.4952879250049591, 69, 0)
(0.13660269975662231, -0.8477513194084167, -0.13188345730304718, 0.49524158239364624, 69, 0)
(0.1366027593612671, -0.8477199077606201, -0.13200683891773224, 0.49526268243789673, 69, 0)
(0.1365869641304016, -0.8476678133010864, -0.13187995553016663, 0.49538981914520264, 69, 0)
(0.13665278255939484, -0.8476603031158447, -0.13189689815044403, 0.4953799843788147, 69, 0)
(0.1366870254278183, -0.8476266264915466, -0.13181927800178528, 0.49544909596443176, 69, 0)
(0.13666372001171112, -0.847586989402771, -0.13180044293403625, 0.49552828073501587, 69, 0)
(0.13669045269489288, -0.8475989699363708, -0.13175129890441895, 0.49551334977149963, 69, 0)
(0.13661856949329376, -0.847582995891571, -0.1318081021308899, 0.49554556608200073, 69, 0)
(0.13659052550792694, -0.8476040363311768, -0.13178925216197968, 0.4955221712589264, 69, 0)
(0.13653795421123505, -0.8475865125656128, -0.13187451660633087, 0.4955439269542694, 69, 0)
(0.13659587502479553, -0.8475970029830933, -0.13190923631191254, 0.49550074338912964, 69, 0)
(0.1365988403558731, -0.8475908041000366, -0.13186049461364746, 0.49552351236343384, 69, 0)
(0.13659831881523132, -0.847602128982544, -0.13180029392242432, 0.4955205023288727, 69, 0)
(0.13664904236793518, -0.8475688695907593, -0.13174165785312653, 0.49557891488075256, 69, 0)
(0.13668060302734375, -0.8476102948188782, -0.13174904882907867, 0.4954971373081207, 69, 0)
(0.13668888807296753, -0.847649097442627, -0.1318156123161316, 0.4954109787940979, 69, 0)
(0.13669559359550476, -0.8476665019989014, -0.1318623423576355, 0.49536678194999695, 69, 0)
(0.13669763505458832, -0.8476735353469849, -0.1319177746772766, 0.495339572429657, 69, 0)
(0.13665461540222168, -0.8476425409317017, -0.13192453980445862, 0.49540266394615173, 69, 0)
(0.1365499049425125, -0.8476148843765259, -0.13195088505744934, 0.4954715967178345, 69, 0)
(0.13652044534683228, -0.8476127982139587, -0.13197648525238037, 0.49547669291496277, 69, 0)
(0.13658033311367035, -0.8476160764694214, -0.13193662464618683, 0.4954650104045868, 69, 0)
(0.1365375816822052, -0.847632884979248, -0.13200995326042175, 0.4954286515712738, 69, 0)
(0.13660243153572083, -0.8475879430770874, -0.13188865780830383, 0.49551984667778015, 69, 0)
(0.13666315376758575, -0.8476201295852661, -0.1318945288658142, 0.49544650316238403, 69, 0)
(0.13665232062339783, -0.8475642204284668, -0.1318185031414032, 0.4955654442310333, 69, 0)
(0.13658909499645233, -0.8475546836853027, -0.13183721899986267, 0.4955940544605255, 69, 0)
(0.1365072876214981, -0.8475354909896851, -0.13190443813800812, 0.49563169479370117, 69, 0)
(0.13659819960594177, -0.8474853038787842, -0.13200314342975616, 0.4956663250923157, 69, 0)
(0.1365174651145935, -0.8475013375282288, -0.13198135793209076, 0.49566689133644104, 69, 0)
(0.13647043704986572, -0.8475027084350586, -0.13185982406139374, 0.49570974707603455, 69, 0)
(0.13656432926654816, -0.847510814666748, -0.13183222711086273, 0.4956774115562439, 69, 0)
(0.13668112456798553, -0.8474879264831543, -0.13193726539611816, 0.49565640091896057, 69, 0)
(0.1365530788898468, -0.8475395441055298, -0.13192732632160187, 0.49560603499412537, 69, 0)
(0.13655519485473633, -0.8475205302238464, -0.13204693794250488, 0.4956061542034149, 69, 0)
(0.13657772541046143, -0.8474936485290527, -0.1320326179265976, 0.4956496059894562, 69, 0)
(0.1366458684206009, -0.8475221395492554, -0.13199694454669952, 0.4955917000770569, 69, 0)
(0.1367569863796234, -0.8474986553192139, -0.13204573094844818, 0.4955882132053375, 69, 0)
(0.1367315798997879, -0.847504198551178, -0.13203556835651398, 0.49558836221694946, 69, 0)
(0.13675004243850708, -0.8475029468536377, -0.13206805288791656, 0.49557676911354065, 69, 0)
(0.13681061565876007, -0.8474790453910828, -0.13202986121177673, 0.4956111013889313, 69, 0)
(0.13686993718147278, -0.8474962711334229, -0.13203829526901245, 0.4955630302429199, 69, 0)
(0.13674649596214294, -0.8474885821342468, -0.13203689455986023, 0.49561068415641785, 69, 0)
(0.13677918910980225, -0.8474980592727661, -0.13202659785747528, 0.49558818340301514, 69, 0)
(0.13675138354301453, -0.8474928140640259, -0.13191232085227966, 0.49563533067703247, 69, 0)
(0.13675907254219055, -0.8474946022033691, -0.13195954263210297, 0.4956173300743103, 69, 0)
(0.13683822751045227, -0.8475103378295898, -0.13194946944713593, 0.4955713748931885, 69, 0)
(0.13684017956256866, -0.8475633859634399, -0.1319524496793747, 0.49547940492630005, 69, 0)
(0.13676591217517853, -0.8475675582885742, -0.13196399807929993, 0.4954897463321686, 69, 0)
(0.13668549060821533, -0.8475343585014343, -0.13197486102581024, 0.4955657720565796, 69, 0)
(0.13665926456451416, -0.8475571274757385, -0.13203741610050201, 0.49551719427108765, 69, 0)
(0.1367165446281433, -0.8475443124771118, -0.13199545443058014, 0.4955345392227173, 69, 0)
(0.13679738342761993, -0.8476046323776245, -0.13197676837444305, 0.49541425704956055, 69, 0)
(0.1368025690317154, -0.8476371765136719, -0.1320125311613083, 0.4953474700450897, 69, 0)
(0.13688576221466064, -0.8476287722587585, -0.13190069794654846, 0.49536871910095215, 69, 0)
(0.1368546038866043, -0.847649335861206, -0.13189321756362915, 0.49534422159194946, 69, 0)
(0.1368418037891388, -0.8476473689079285, -0.13186879456043243, 0.4953575134277344, 69, 0)
(0.1367703527212143, -0.8476773500442505, -0.13185416162014008, 0.4953296482563019, 69, 0)
(0.1367325335741043, -0.8476771712303162, -0.13183090090751648, 0.4953468441963196, 69, 0)
(0.13674470782279968, -0.8476952910423279, -0.13180069625377655, 0.49532032012939453, 69, 0)
(0.13674074411392212, -0.8476604223251343, -0.1317652463912964, 0.49539074301719666, 69, 0)
(0.1367885172367096, -0.8477339744567871, -0.13178539276123047, 0.4952460825443268, 69, 0)
(0.13677050173282623, -0.8477069139480591, -0.13176505267620087, 0.49530282616615295, 69, 0)
(0.1369171142578125, -0.8476857542991638, -0.13176219165325165, 0.49529922008514404, 69, 0)
(0.13684611022472382, -0.8476533889770508, -0.13167494535446167, 0.4953974783420563, 69, 0)
(0.13680341839790344, -0.8476426601409912, -0.13168661296367645, 0.49542468786239624, 69, 0)
(0.1368173062801361, -0.8476638793945312, -0.1316922903060913, 0.4953831732273102, 69, 0)
(0.1366269588470459, -0.8476906418800354, -0.13184668123722076, 0.49534863233566284, 69, 0)
(0.13673441112041473, -0.8476241230964661, -0.13190653920173645, 0.4954167902469635, 69, 0)
(0.13681554794311523, -0.8476008176803589, -0.13171321153640747, 0.49548575282096863, 69, 0)
(0.13651114702224731, -0.8476701974868774, -0.13165466487407684, 0.4954667091369629, 69, 0)
(0.13665039837360382, -0.8476036787033081, -0.13195405900478363, 0.49546220898628235, 69, 0)
(0.13661938905715942, -0.8476083874702454, -0.13194815814495087, 0.49546435475349426, 69, 0)
(0.13637693226337433, -0.8476445078849792, -0.13171227276325226, 0.4955320954322815, 69, 0)
(0.13652217388153076, -0.8475754857063293, -0.13177959620952606, 0.4955924153327942, 69, 0)
(0.1365004926919937, -0.8475044369697571, -0.13191881775856018, 0.49568286538124084, 69, 0)
(0.1364324390888214, -0.8475019931793213, -0.1317761093378067, 0.49574369192123413, 69, 0)
(0.13646677136421204, -0.8474550247192383, -0.1318335384130478, 0.49579918384552, 69, 0)
(0.13631770014762878, -0.847502589225769, -0.13179634511470795, 0.4957689642906189, 69, 0)
(0.13626576960086823, -0.8475528359413147, -0.13186517357826233, 0.49567899107933044, 69, 0)
(0.13619765639305115, -0.8475319147109985, -0.13191230595111847, 0.4957210123538971, 69, 0)
(0.13618247210979462, -0.8475021719932556, -0.13200689852237701, 0.4957506060600281, 69, 0)
(0.1362619549036026, -0.8474680185317993, -0.13193070888519287, 0.4958076775074005, 69, 0)
(0.1362646520137787, -0.8474839329719543, -0.13188353180885315, 0.4957921802997589, 69, 0)
(0.13631491363048553, -0.847475528717041, -0.1320943981409073, 0.4957365095615387, 69, 0)
(0.13636718690395355, -0.8474445939064026, -0.13196054100990295, 0.4958106577396393, 69, 0)
(0.1363578587770462, -0.8474237322807312, -0.1319250464439392, 0.4958583414554596, 69, 0)
(0.13629727065563202, -0.8473947644233704, -0.13200335204601288, 0.4959036409854889, 69, 0)
(0.13627353310585022, -0.8473362326622009, -0.13190506398677826, 0.49603644013404846, 69, 0)
(0.13628731667995453, -0.8473201990127563, -0.13192611932754517, 0.49605420231819153, 69, 0)
(0.13629843294620514, -0.8473610281944275, -0.1319510042667389, 0.49597495794296265, 69, 0)
(0.13635040819644928, -0.8472946286201477, -0.13205230236053467, 0.4960471987724304, 69, 0)
(0.13637416064739227, -0.8473122119903564, -0.13208486139774323, 0.49600180983543396, 69, 0)
(0.1363571733236313, -0.8473502397537231, -0.13199958205223083, 0.49596428871154785, 69, 0)
(0.13643507659435272, -0.8473659753799438, -0.13207468390464783, 0.4958958923816681, 69, 0)
(0.13637885451316833, -0.8473593592643738, -0.13201898336410522, 0.4959375560283661, 69, 0)
(0.13637736439704895, -0.8473872542381287, -0.13199858367443085, 0.4958955645561218, 69, 0)
(0.1362690031528473, -0.8473585247993469, -0.13200338184833527, 0.49597328901290894, 69, 0)
(0.13631221652030945, -0.8473504185676575, -0.13199767470359802, 0.4959767758846283, 69, 0)
(0.1362634152173996, -0.8473333716392517, -0.13198086619377136, 0.4960235357284546, 69, 0)
(0.13624708354473114, -0.8472766280174255, -0.1319437474012375, 0.49613532423973083, 69, 0)
(0.13633133471012115, -0.8472955226898193, -0.13200175762176514, 0.49606433510780334, 69, 0)
(0.13637401163578033, -0.8472793102264404, -0.13202449679374695, 0.49607419967651367, 69, 0)
(0.13640852272510529, -0.8472818732261658, -0.13190355896949768, 0.49609246850013733, 69, 0)
(0.13633006811141968, -0.8473325371742249, -0.13190783560276031, 0.49602630734443665, 69, 0)
(0.13633152842521667, -0.8473535180091858, -0.1320507675409317, 0.49595218896865845, 69, 0)
(0.1364922821521759, -0.8473526835441589, -0.13198897242546082, 0.4959258735179901, 69, 0)
(0.13638140261173248, -0.8474244475364685, -0.13195516169071198, 0.495842844247818, 69, 0)
(0.13639959692955017, -0.8474630117416382, -0.13202793896198273, 0.4957524836063385, 69, 0)
(0.1363094300031662, -0.8474653959274292, -0.1320553719997406, 0.4957658052444458, 69, 0)
(0.1363808661699295, -0.847491979598999, -0.1319810301065445, 0.49572059512138367, 69, 0)
(0.13652044534683228, -0.8474195599555969, -0.1319410800933838, 0.49581652879714966, 69, 0)
(0.13646119832992554, -0.8474216461181641, -0.1318982094526291, 0.49584081768989563, 69, 0)
(0.13648071885108948, -0.8474265336990356, -0.13196180760860443, 0.4958101809024811, 69, 0)
(0.1364976465702057, -0.8474469184875488, -0.13196948170661926, 0.4957684278488159, 69, 0)
(0.13648463785648346, -0.8474316596984863, -0.1319553107023239, 0.4958016574382782, 69, 0)
(0.13653375208377838, -0.8474690318107605, -0.13184060156345367, 0.49575507640838623, 69, 0)
(0.13654161989688873, -0.8474516868591309, -0.13185866177082062, 0.4957773685455322, 69, 0)
(0.1365332007408142, -0.8474407196044922, -0.13193795084953308, 0.49577754735946655, 69, 0)
(0.13650500774383545, -0.8474431037902832, -0.13191282749176025, 0.49578794836997986, 69, 0)
(0.13646410405635834, -0.847456157207489, -0.13188406825065613, 0.4957846701145172, 69, 0)
(0.13638581335544586, -0.8474484086036682, -0.13195280730724335, 0.49580100178718567, 69, 0)
(0.13636399805545807, -0.8474489450454712, -0.1319320648908615, 0.4958117604255676, 69, 0)
(0.1363350749015808, -0.8474360704421997, -0.1319042444229126, 0.4958488941192627, 69, 0)
(0.13643613457679749, -0.8473950624465942, -0.13192394375801086, 0.4958862066268921, 69, 0)
(0.1363488882780075, -0.8474509119987488, -0.1319245547056198, 0.49581432342529297, 69, 0)
(0.1362532377243042, -0.8474262952804565, -0.13200892508029938, 0.49586033821105957, 69, 0)
(0.13631238043308258, -0.8473691344261169, -0.13203231990337372, 0.49593573808670044, 69, 0)
(0.1362970471382141, -0.8473356366157532, -0.13202616572380066, 0.4959985911846161, 69, 0)
(0.136211097240448, -0.8473385572433472, -0.13198210299015045, 0.49602895975112915, 69, 0)
(0.13622376322746277, -0.8473504781723022, -0.13192418217658997, 0.4960203766822815, 69, 0)
(0.13621261715888977, -0.847331702709198, -0.13196979463100433, 0.49604347348213196, 69, 0)
(0.13628247380256653, -0.8472825288772583, -0.1319747418165207, 0.4961071312427521, 69, 0)
(0.136272132396698, -0.847264289855957, -0.13202668726444244, 0.496127188205719, 69, 0)
(0.13628196716308594, -0.8472733497619629, -0.13198330998420715, 0.49612072110176086, 69, 0)
(0.13632486760616302, -0.8472752571105957, -0.13202770054340363, 0.4960935711860657, 69, 0)
(0.1362643837928772, -0.8472709655761719, -0.13201840221881866, 0.4961201846599579, 69, 0)
(0.13615816831588745, -0.8473129272460938, -0.13216520845890045, 0.49603867530822754, 69, 0)
(0.13614092767238617, -0.8473297953605652, -0.13226257264614105, 0.4959886372089386, 69, 0)
(0.13614529371261597, -0.8474001884460449, -0.13226154446601868, 0.4958673119544983, 69, 0)
(0.13619111478328705, -0.8473777770996094, -0.1322409212589264, 0.49589866399765015, 69, 0)
(0.13624122738838196, -0.8473836183547974, -0.13220658898353577, 0.4958840012550354, 69, 0)
(0.13620321452617645, -0.847363293170929, -0.13225187361240387, 0.49591705203056335, 69, 0)
(0.13608548045158386, -0.8473699688911438, -0.13228240609169006, 0.49592968821525574, 69, 0)
(0.13605496287345886, -0.8473581671714783, -0.13230612874031067, 0.4959522485733032, 69, 0)
(0.13604286313056946, -0.8474128246307373, -0.1321704089641571, 0.4958983063697815, 69, 0)
(0.13609470427036285, -0.8474273085594177, -0.13214318454265594, 0.4958665370941162, 69, 0)
(0.13600607216358185, -0.8474100828170776, -0.13216532766819, 0.4959142804145813, 69, 0)
(0.1358935385942459, -0.8474588394165039, -0.1323150247335434, 0.49582189321517944, 69, 0)
(0.1359167844057083, -0.8474695086479187, -0.1322421431541443, 0.49581676721572876, 69, 0)
(0.1359974443912506, -0.8474912643432617, -0.1322893649339676, 0.49574488401412964, 69, 0)
(0.13600356876850128, -0.8474721312522888, -0.1322549730539322, 0.49578508734703064, 69, 0)
(0.13604624569416046, -0.8474977016448975, -0.13227945566177368, 0.49572306871414185, 69, 0)
(0.13611717522144318, -0.8475051522254944, -0.13223998248577118, 0.49570155143737793, 69, 0)
(0.1361355185508728, -0.8475204110145569, -0.1322045475244522, 0.4956797659397125, 69, 0)
(0.1361948847770691, -0.847458004951477, -0.1322457194328308, 0.4957590699195862, 69, 0)
(0.13625575602054596, -0.8474718332290649, -0.13223350048065186, 0.49572211503982544, 69, 0)
(0.1362629383802414, -0.8474878668785095, -0.13217400014400482, 0.4957084655761719, 69, 0)
(0.1362788826227188, -0.847454309463501, -0.1321239471435547, 0.49577489495277405, 69, 0)
(0.13619603216648102, -0.847422182559967, -0.13210466504096985, 0.495857834815979, 69, 0)
(0.13621963560581207, -0.84742671251297, -0.13209806382656097, 0.49584513902664185, 69, 0)
(0.13622377812862396, -0.8473981022834778, -0.13208863139152527, 0.4958953857421875, 69, 0)
(0.13623404502868652, -0.8473729491233826, -0.1320606768131256, 0.4959430694580078, 69, 0)
(0.1362302303314209, -0.8473638296127319, -0.13203687965869904, 0.4959661662578583, 69, 0)
(0.13613879680633545, -0.8473389744758606, -0.13202157616615295, 0.4960377514362335, 69, 0)
(0.13612276315689087, -0.8473296165466309, -0.13198299705982208, 0.49606820940971375, 69, 0)
(0.13611090183258057, -0.8473169803619385, -0.13198362290859222, 0.49609291553497314, 69, 0)
(0.13605552911758423, -0.8473129868507385, -0.13206318020820618, 0.4960938096046448, 69, 0)
(0.1360548734664917, -0.8473004102706909, -0.13213886320590973, 0.4960951507091522, 69, 0)
(0.13609276711940765, -0.8472927212715149, -0.1321447342634201, 0.4960966408252716, 69, 0)
(0.1360449492931366, -0.8472674489021301, -0.1322115957736969, 0.49613499641418457, 69, 0)
(0.13590167462825775, -0.8472610116004944, -0.13232406973838806, 0.4961550533771515, 69, 0)
(0.13601885735988617, -0.8472461104393005, -0.13227678835391998, 0.4961613416671753, 69, 0)
(0.13608872890472412, -0.8472745418548584, -0.1322631686925888, 0.4960970878601074, 69, 0)
(0.1360844373703003, -0.8472874760627747, -0.13226860761642456, 0.4960748255252838, 69, 0)
(0.1361488252878189, -0.8473050594329834, -0.13228739798069, 0.4960220158100128, 69, 0)
(0.13618820905685425, -0.8472593426704407, -0.13224005699157715, 0.4961017966270447, 69, 0)
(0.13625963032245636, -0.8472582697868347, -0.13223496079444885, 0.49608543515205383, 69, 0)
(0.1361808478832245, -0.8473424911499023, -0.13230079412460327, 0.49594569206237793, 69, 0)
(0.13624773919582367, -0.8473533987998962, -0.13229860365390778, 0.4959093928337097, 69, 0)
(0.13624852895736694, -0.8473576903343201, -0.13228946924209595, 0.49590399861335754, 69, 0)
(0.13621318340301514, -0.8473058938980103, -0.13221772015094757, 0.4960215389728546, 69, 0)
(0.13630901277065277, -0.8473424911499023, -0.1321728527545929, 0.4959447383880615, 69, 0)
(0.13635310530662537, -0.8473733067512512, -0.13217830657958984, 0.4958782494068146, 69, 0)
(0.13632076978683472, -0.8473960757255554, -0.13219520449638367, 0.495843768119812, 69, 0)
(0.13636760413646698, -0.8473740816116333, -0.13219515979290009, 0.4958684742450714, 69, 0)
(0.13623389601707458, -0.8473754525184631, -0.13210493326187134, 0.49592697620391846, 69, 0)
(0.13622824847698212, -0.8474028706550598, -0.1321186125278473, 0.4958782196044922, 69, 0)
(0.13618123531341553, -0.8474212884902954, -0.13215889036655426, 0.4958488941192627, 69, 0)
(0.13611459732055664, -0.8473961353302002, -0.13205812871456146, 0.49593669176101685, 69, 0)
(0.136130690574646, -0.847406804561615, -0.13203734159469604, 0.4959198832511902, 69, 0)
(0.13619093596935272, -0.8474031090736389, -0.1319725513458252, 0.4959268867969513, 69, 0)
(0.13628526031970978, -0.8474015593528748, -0.1319284439086914, 0.49591535329818726, 69, 0)
(0.13624835014343262, -0.8473946452140808, -0.13190306723117828, 0.49594390392303467, 69, 0)
(0.1362355351448059, -0.8474172353744507, -0.13192830979824066, 0.4959021806716919, 69, 0)
(0.13621646165847778, -0.8474207520484924, -0.13193127512931824, 0.49590063095092773, 69, 0)
(0.13624973595142365, -0.8474282026290894, -0.1319897174835205, 0.4958631992340088, 69, 0)
(0.13632167875766754, -0.8474388122558594, -0.13195295631885529, 0.49583497643470764, 69, 0)
(0.13636036217212677, -0.8474255800247192, -0.1319848597049713, 0.49583864212036133, 69, 0)
(0.13638852536678314, -0.8474321365356445, -0.13200421631336212, 0.4958144426345825, 69, 0)
(0.13641171157360077, -0.8474227786064148, -0.1319640427827835, 0.4958346486091614, 69, 0)
(0.13642936944961548, -0.8473889827728271, -0.13201144337654114, 0.4958750307559967, 69, 0)
(0.1363484412431717, -0.847396731376648, -0.13199125230312347, 0.49588918685913086, 69, 0)
(0.13632674515247345, -0.8473889827728271, -0.13200822472572327, 0.49590441584587097, 69, 0)
(0.1363954097032547, -0.8473602533340454, -0.13199108839035034, 0.49593886733055115, 69, 0)
(0.13640332221984863, -0.8473215103149414, -0.1319665163755417, 0.49600937962532043, 69, 0)
(0.13642749190330505, -0.8473507165908813, -0.13198523223400116, 0.49594804644584656, 69, 0)
(0.1364315152168274, -0.8473417162895203, -0.1320050060749054, 0.49595707654953003, 69, 0)
(0.13637886941432953, -0.8473604321479797, -0.1320766806602478, 0.495920330286026, 69, 0)
(0.1363000124692917, -0.8473856449127197, -0.13206204771995544, 0.495902955532074, 69, 0)
(0.1363070011138916, -0.8473453521728516, -0.13201549649238586, 0.49598196148872375, 69, 0)
(0.13634757697582245, -0.847314178943634, -0.13201716542243958, 0.4960237741470337, 69, 0)
(0.13637016713619232, -0.8472741842269897, -0.13198958337306976, 0.496093213558197, 69, 0)
(0.13636688888072968, -0.8472768664360046, -0.13206100463867188, 0.49607062339782715, 69, 0)
(0.13641200959682465, -0.8472742438316345, -0.13200722634792328, 0.4960770606994629, 69, 0)
(0.13640227913856506, -0.8472748398780823, -0.1320410668849945, 0.4960697293281555, 69, 0)
(0.13650615513324738, -0.8472528457641602, -0.13198637962341309, 0.49609318375587463, 69, 0)
(0.13650058209896088, -0.847240149974823, -0.13196434080600739, 0.4961223900318146, 69, 0)
(0.13647963106632233, -0.847237229347229, -0.13201963901519775, 0.49611836671829224, 69, 0)
(0.1365012377500534, -0.847233772277832, -0.1320974975824356, 0.496097594499588, 69, 0)
(0.13639278709888458, -0.8472525477409363, -0.1321241557598114, 0.49608826637268066, 69, 0)
(0.13641557097434998, -0.8472477197647095, -0.13214054703712463, 0.4960857331752777, 69, 0)
(0.1364438235759735, -0.8472105264663696, -0.13212841749191284, 0.4961448013782501, 69, 0)
(0.13645902276039124, -0.847220242023468, -0.13219469785690308, 0.49610641598701477, 69, 0)
(0.13640618324279785, -0.8472000360488892, -0.13224661350250244, 0.49614161252975464, 69, 0)
(0.13637399673461914, -0.8471985459327698, -0.1323777586221695, 0.4961179494857788, 69, 0)
(0.1364019364118576, -0.8471862077713013, -0.1323346644639969, 0.4961426854133606, 69, 0)
(0.13643600046634674, -0.8472391366958618, -0.132281094789505, 0.4960576295852661, 69, 0)
(0.13643360137939453, -0.8472381830215454, -0.13230347633361816, 0.49605369567871094, 69, 0)
(0.13634850084781647, -0.8472716212272644, -0.13232751190662384, 0.49601343274116516, 69, 0)
(0.13627946376800537, -0.8472473621368408, -0.13240252435207367, 0.49605393409729004, 69, 0)
(0.13626685738563538, -0.8472501039505005, -0.13239942491054535, 0.49605342745780945, 69, 0)
(0.13634376227855682, -0.8472538590431213, -0.13240137696266174, 0.49602562189102173, 69, 0)
(0.13635322451591492, -0.8472259640693665, -0.13240686058998108, 0.49606895446777344, 69, 0)
(0.13639086484909058, -0.8472532033920288, -0.1324639469385147, 0.4959968626499176, 69, 0)
(0.13626603782176971, -0.8472520112991333, -0.13237828016281128, 0.49605613946914673, 69, 0)
(0.13622039556503296, -0.8472588658332825, -0.13238297402858734, 0.49605560302734375, 69, 0)
(0.13619789481163025, -0.847221314907074, -0.13230888545513153, 0.49614569544792175, 69, 0)
(0.13616721332073212, -0.8472223877906799, -0.13227926194667816, 0.49616050720214844, 69, 0)
(0.13616715371608734, -0.8472132682800293, -0.1322719305753708, 0.4961778521537781, 69, 0)
(0.13610871136188507, -0.8471943736076355, -0.13218753039836884, 0.4962485730648041, 69, 0)
(0.13612470030784607, -0.8471999764442444, -0.13225825130939484, 0.49621593952178955, 69, 0)
(0.1361081600189209, -0.8472116589546204, -0.13220255076885223, 0.4962151348590851, 69, 0)
(0.13608893752098083, -0.8472177386283875, -0.13214054703712463, 0.49622660875320435, 69, 0)
(0.13618870079517365, -0.8472200036048889, -0.1321060210466385, 0.49620482325553894, 69, 0)
(0.13617917895317078, -0.8472386598587036, -0.13213729858398438, 0.4961671531200409, 69, 0)
(0.13616469502449036, -0.847216784954071, -0.13212725520133972, 0.49621108174324036, 69, 0)
(0.13616278767585754, -0.8472335338592529, -0.1320982128381729, 0.4961908459663391, 69, 0)
(0.13624048233032227, -0.8472670912742615, -0.13211999833583832, 0.49610623717308044, 69, 0)
(0.13622187077999115, -0.847278356552124, -0.13212695717811584, 0.4960903525352478, 69, 0)
(0.13618645071983337, -0.8472719192504883, -0.13221144676208496, 0.4960886538028717, 69, 0)
(0.13621719181537628, -0.847234845161438, -0.13227584958076477, 0.4961262345314026, 69, 0)
(0.13625523447990417, -0.8472508788108826, -0.13226665556430817, 0.4960908889770508, 69, 0)
(0.13628420233726501, -0.8472838401794434, -0.13226962089538574, 0.496025949716568, 69, 0)
(0.1363094449043274, -0.8473382592201233, -0.13230033218860626, 0.49591773748397827, 69, 0)
(0.1363590508699417, -0.8473432660102844, -0.13231505453586578, 0.49589163064956665, 69, 0)
(0.1363079994916916, -0.8473657369613647, -0.13228245079517365, 0.4958759844303131, 69, 0)
(0.1364009976387024, -0.8473486304283142, -0.13223004341125488, 0.4958935081958771, 69, 0)
(0.13640165328979492, -0.8473450541496277, -0.13220754265785217, 0.49590572714805603, 69, 0)
(0.13641521334648132, -0.8473316431045532, -0.13216519355773926, 0.4959358274936676, 69, 0)
(0.1363535076379776, -0.8473082780838013, -0.13210739195346832, 0.49600839614868164, 69, 0)
(0.13635557889938354, -0.8473225235939026, -0.13205526769161224, 0.4959971308708191, 69, 0)
(0.13639488816261292, -0.847332239151001, -0.13205447793006897, 0.4959701597690582, 69, 0)
(0.13640235364437103, -0.8473473191261292, -0.1320841759443283, 0.49593424797058105, 69, 0)
(0.13636796176433563, -0.8473734259605408, -0.1320304274559021, 0.49591365456581116, 69, 0)
(0.13642165064811707, -0.847356915473938, -0.1320016086101532, 0.49593451619148254, 69, 0)
(0.13645394146442413, -0.8473396897315979, -0.13199512660503387, 0.49595680832862854, 69, 0)
(0.13653986155986786, -0.8472844958305359, -0.132003054022789, 0.49602535367012024, 69, 0)
(0.1365784853696823, -0.8473358750343323, -0.13198530673980713, 0.4959316849708557, 69, 0)
(0.1365327090024948, -0.8473554253578186, -0.13206104934215546, 0.4958905577659607, 69, 0)
(0.1365213245153427, -0.8473548889160156, -0.1321406215429306, 0.49587371945381165, 69, 0)
(0.1365300416946411, -0.8473505973815918, -0.13216792047023773, 0.49587133526802063, 69, 0)
(0.13647308945655823, -0.8473541140556335, -0.13215282559394836, 0.49588510394096375, 69, 0)
(0.13641490042209625, -0.8473427295684814, -0.13214775919914246, 0.49592167139053345, 69, 0)
(0.1364155411720276, -0.847334623336792, -0.1320655196905136, 0.49595731496810913, 69, 0)
(0.136544331908226, -0.8473114967346191, -0.13196779787540436, 0.49598753452301025, 69, 0)
(0.13664036989212036, -0.8472920656204224, -0.13193826377391815, 0.4960020184516907, 69, 0)
(0.13666298985481262, -0.847325325012207, -0.13191983103752136, 0.49594369530677795, 69, 0)
(0.1366821527481079, -0.8473652005195618, -0.13198743760585785, 0.4958525002002716, 69, 0)
(0.13673298060894012, -0.8474066853523254, -0.13197170197963715, 0.4957716763019562, 69, 0)
(0.13668780028820038, -0.8474027514457703, -0.13198666274547577, 0.49578702449798584, 69, 0)
(0.13666370511054993, -0.8473764657974243, -0.13192810118198395, 0.4958541691303253, 69, 0)
(0.1365777999162674, -0.8474124073982239, -0.1319747418165207, 0.49580392241477966, 69, 0)
(0.1365651935338974, -0.8474361896514893, -0.1320684552192688, 0.49574172496795654, 69, 0)
(0.1364455670118332, -0.8474369645118713, -0.13212159276008606, 0.49575942754745483, 69, 0)
(0.1364140808582306, -0.8474429249763489, -0.13210727274417877, 0.4957614243030548, 69, 0)
(0.1363716423511505, -0.8474670052528381, -0.13212060928344727, 0.495728462934494, 69, 0)
(0.1364372819662094, -0.8474647402763367, -0.13205628097057343, 0.4957314133644104, 69, 0)
(0.13634440302848816, -0.8474783897399902, -0.13199937343597412, 0.4957486689090729, 69, 0)
(0.13634774088859558, -0.8474593162536621, -0.13198255002498627, 0.4957849383354187, 69, 0)
(0.13637980818748474, -0.8474419713020325, -0.13202379643917084, 0.4957948625087738, 69, 0)
(0.1364128589630127, -0.8474450707435608, -0.132048100233078, 0.49577391147613525, 69, 0)
(0.1364174336194992, -0.8474757075309753, -0.13204637169837952, 0.49572083353996277, 69, 0)
(0.1364622712135315, -0.8474457859992981, -0.1320924162864685, 0.4957473576068878, 69, 0)
(0.13645972311496735, -0.8474380970001221, -0.1320471316576004, 0.49577322602272034, 69, 0)
(0.13647764921188354, -0.8474259376525879, -0.1320144534111023, 0.49579760432243347, 69, 0)
(0.13644471764564514, -0.847409725189209, -0.1319880187511444, 0.49584147334098816, 69, 0)
(0.13642312586307526, -0.8474332094192505, -0.131999209523201, 0.49580448865890503, 69, 0)
(0.13641506433486938, -0.8473967909812927, -0.13195693492889404, 0.4958803355693817, 69, 0)
(0.13647031784057617, -0.8474045395851135, -0.13197919726371765, 0.495845764875412, 69, 0)
(0.13648372888565063, -0.8474029898643494, -0.1320306360721588, 0.4958308935165405, 69, 0)
(0.13636261224746704, -0.8474302887916565, -0.13203804194927216, 0.49581578373908997, 69, 0)
(0.13633018732070923, -0.8474814891815186, -0.13207758963108063, 0.49572643637657166, 69, 0)
(0.13630424439907074, -0.8474798798561096, -0.13206392526626587, 0.4957403540611267, 69, 0)
(0.1362975388765335, -0.8474562168121338, -0.13209588825702667, 0.49577391147613525, 69, 0)
(0.13646641373634338, -0.8474429845809937, -0.1321723461151123, 0.4957296550273895, 69, 0)
(0.13651098310947418, -0.84742671251297, -0.13215093314647675, 0.49575111269950867, 69, 0)
(0.1366296410560608, -0.8474299311637878, -0.13213379681110382, 0.49571725726127625, 69, 0)
(0.13664215803146362, -0.8473873138427734, -0.13210487365722656, 0.4957943856716156, 69, 0)
(0.13672024011611938, -0.8474025726318359, -0.13207170367240906, 0.49575549364089966, 69, 0)
(0.13662777841091156, -0.8473224639892578, -0.13212421536445618, 0.49590396881103516, 69, 0)
(0.13667243719100952, -0.8472661375999451, -0.1321902722120285, 0.49597033858299255, 69, 0)
(0.1366393268108368, -0.8472549915313721, -0.13216593861579895, 0.49600493907928467, 69, 0)
(0.1366291344165802, -0.8472438454627991, -0.13210543990135193, 0.49604302644729614, 69, 0)
(0.136561319231987, -0.8472121357917786, -0.1320505142211914, 0.4961306154727936, 69, 0)
(0.1365119367837906, -0.8472078442573547, -0.1320304423570633, 0.4961566925048828, 69, 0)
(0.13653919100761414, -0.8472541570663452, -0.1321147382259369, 0.4960475265979767, 69, 0)
(0.13641606271266937, -0.8472611308097839, -0.13210849463939667, 0.4960712790489197, 69, 0)
(0.1363353282213211, -0.8473228216171265, -0.1321047842502594, 0.4959890842437744, 69, 0)
(0.13633489608764648, -0.8473493456840515, -0.13213416934013367, 0.49593597650527954, 69, 0)
(0.13638201355934143, -0.8473142385482788, -0.13216090202331543, 0.49597588181495667, 69, 0)
(0.13646894693374634, -0.8472821116447449, -0.13207969069480896, 0.49602851271629333, 69, 0)
(0.13647174835205078, -0.8472798466682434, -0.1320609301328659, 0.49603673815727234, 69, 0)
(0.1364724040031433, -0.8473119735717773, -0.13204072415828705, 0.4959869682788849, 69, 0)
(0.1364915817975998, -0.8472805619239807, -0.13206732273101807, 0.496028333902359, 69, 0)
(0.13631846010684967, -0.8473213911056519, -0.13205911219120026, 0.49600860476493835, 69, 0)
(0.1364535689353943, -0.8472774028778076, -0.13207948207855225, 0.496040940284729, 69, 0)
(0.13645091652870178, -0.8472867608070374, -0.13214880228042603, 0.49600714445114136, 69, 0)
(0.13646310567855835, -0.8472875356674194, -0.1322006732225418, 0.495988667011261, 69, 0)
(0.13644634187221527, -0.8472263216972351, -0.13227519392967224, 0.49607810378074646, 69, 0)
(0.13642755150794983, -0.8472620844841003, -0.13217973709106445, 0.4960475265979767, 69, 0)
(0.13635189831256866, -0.8472869396209717, -0.1322171837091446, 0.4960159957408905, 69, 0)
(0.1363827884197235, -0.8472681045532227, -0.13218602538108826, 0.49604806303977966, 69, 0)
(0.13638627529144287, -0.8472951054573059, -0.13220924139022827, 0.495994508266449, 69, 0)
(0.13637538254261017, -0.8472828269004822, -0.13212309777736664, 0.49604132771492004, 69, 0)
(0.13633465766906738, -0.8473234176635742, -0.13216513395309448, 0.49597233533859253, 69, 0)
(0.13630764186382294, -0.8473220467567444, -0.1321870982646942, 0.49597617983818054, 69, 0)
(0.1363300234079361, -0.8473390340805054, -0.13214291632175446, 0.4959527850151062, 69, 0)
(0.13638754189014435, -0.8473734259605408, -0.13220350444316864, 0.4958619475364685, 69, 0)
(0.13650670647621155, -0.8473994135856628, -0.13226425647735596, 0.4957685172557831, 69, 0)
(0.13645701110363007, -0.8474154472351074, -0.1322874128818512, 0.4957486391067505, 69, 0)
(0.13637809455394745, -0.8474186658859253, -0.13226033747196198, 0.4957723319530487, 69, 0)
(0.13623926043510437, -0.847481369972229, -0.1322508007287979, 0.4957055449485779, 69, 0)
(0.13619275391101837, -0.847452700138092, -0.13218238949775696, 0.4957856237888336, 69, 0)
(0.13618288934230804, -0.847422182559967, -0.1322813630104065, 0.4958140552043915, 69, 0)
(0.1361849308013916, -0.8474484086036682, -0.13232548534870148, 0.49575674533843994, 69, 0)
(0.13632844388484955, -0.8474565744400024, -0.13226862251758575, 0.49571898579597473, 69, 0)
(0.13630329072475433, -0.8474520444869995, -0.13226503133773804, 0.49573442339897156, 69, 0)
(0.13633741438388824, -0.8473961353302002, -0.13217580318450928, 0.49584436416625977, 69, 0)
(0.13634417951107025, -0.8473840355873108, -0.1321650594472885, 0.49586617946624756, 69, 0)
(0.13635961711406708, -0.8473958969116211, -0.1321752667427063, 0.4958387613296509, 69, 0)
(0.13635414838790894, -0.8474266529083252, -0.13211946189403534, 0.49580273032188416, 69, 0)
(0.13637827336788177, -0.8474485278129578, -0.13212724030017853, 0.49575650691986084, 69, 0)
(0.13645289838314056, -0.8474318385124207, -0.1321066915988922, 0.49576979875564575, 69, 0)
(0.13646891713142395, -0.8474034667015076, -0.132028266787529, 0.49583494663238525, 69, 0)
(0.13639014959335327, -0.8474249243736267, -0.13211838901042938, 0.49579596519470215, 69, 0)
(0.13633544743061066, -0.8474363684654236, -0.13216398656368256, 0.49577927589416504, 69, 0)
(0.1363026350736618, -0.8474187850952148, -0.13215842843055725, 0.4958200752735138, 69, 0)
(0.13629838824272156, -0.8474191427230835, -0.13218991458415985, 0.49581199884414673, 69, 0)
(0.13628244400024414, -0.8473917841911316, -0.1321651190519333, 0.4958697557449341, 69, 0)
(0.13625162839889526, -0.8473387360572815, -0.1321026086807251, 0.4959854185581207, 69, 0)
(0.13624611496925354, -0.8473497629165649, -0.13204658031463623, 0.49598297476768494, 69, 0)
(0.13619376718997955, -0.8473560810089111, -0.13209785521030426, 0.4959731698036194, 69, 0)
(0.13620813190937042, -0.8473771810531616, -0.13213489949703217, 0.4959229826927185, 69, 0)
(0.13631759583950043, -0.8473525047302246, -0.13210752606391907, 0.4959426522254944, 69, 0)
(0.13635693490505219, -0.8473447561264038, -0.13212358951568604, 0.4959406852722168, 69, 0)
(0.1363460272550583, -0.8473698496818542, -0.1320672631263733, 0.4959156811237335, 69, 0)
(0.1363554447889328, -0.847353458404541, -0.13196945190429688, 0.4959670603275299, 69, 0)
(0.1363847702741623, -0.8473492860794067, -0.13194015622138977, 0.4959740936756134, 69, 0)
(0.13623344898223877, -0.8472941517829895, -0.13193225860595703, 0.49611201882362366, 69, 0)
(0.13636620342731476, -0.8472353219985962, -0.13193979859352112, 0.4961739778518677, 69, 0)
(0.13639937341213226, -0.8472208380699158, -0.1319962441921234, 0.4961743950843811, 69, 0)
(0.1364329308271408, -0.8472268581390381, -0.1319621354341507, 0.49616408348083496, 69, 0)
(0.13639938831329346, -0.8472548127174377, -0.13200734555721283, 0.49611353874206543, 69, 0)
(0.13645538687705994, -0.8473284840583801, -0.13205693662166595, 0.49595901370048523, 69, 0)
(0.13646084070205688, -0.8473433256149292, -0.13204073905944824, 0.4959368407726288, 69, 0)
(0.13638071715831757, -0.8473523855209351, -0.1320851743221283, 0.49593138694763184, 69, 0)
(0.13640360534191132, -0.8473486304283142, -0.13202890753746033, 0.49594634771347046, 69, 0)
(0.1364837884902954, -0.8473189473152161, -0.13205982744693756, 0.49596700072288513, 69, 0)
(0.13649886846542358, -0.8473007678985596, -0.13201043009757996, 0.49600687623023987, 69, 0)
(0.13660137355327606, -0.8472650051116943, -0.13202407956123352, 0.4960361421108246, 69, 0)
(0.1366143375635147, -0.8472922444343567, -0.13203877210617065, 0.4959821105003357, 69, 0)
(0.13657845556735992, -0.8473331332206726, -0.13204622268676758, 0.4959203004837036, 69, 0)
(0.136501282453537, -0.8474000692367554, -0.1320851594209671, 0.495816707611084, 69, 0)
(0.13644473254680634, -0.8474161624908447, -0.13208873569965363, 0.49580371379852295, 69, 0)
(0.13639259338378906, -0.8474407196044922, -0.13211235404014587, 0.495769739151001, 69, 0)
(0.13633419573307037, -0.8474115133285522, -0.1320876032114029, 0.49584251642227173, 69, 0)
(0.13639619946479797, -0.8473584055900574, -0.132086381316185, 0.49591660499572754, 69, 0)
(0.1364009976387024, -0.8473274111747742, -0.13211825489997864, 0.49595972895622253, 69, 0)
(0.13637928664684296, -0.8473290801048279, -0.13215261697769165, 0.4959537088871002, 69, 0)
(0.136453777551651, -0.8473297357559204, -0.13217788934707642, 0.4959251582622528, 69, 0)
(0.13643640279769897, -0.8473426103591919, -0.1321597695350647, 0.49591293931007385, 69, 0)
(0.1364702582359314, -0.8473590016365051, -0.1322011649608612, 0.49586451053619385, 69, 0)
(0.13647636771202087, -0.8473708033561707, -0.1321941614151001, 0.4958445727825165, 69, 0)
