<YEI3Space WL:12000861>


           R,                   i,                  j,                    k,        %,  Button

(-0.10563898831605911, -0.7204691171646118, 0.039491914212703705, -0.6842553615570068, 4, 0)
(-0.06954492628574371, -0.7411657571792603, 0.07841181755065918, -0.663090169429779, 4, 0)
(-0.033355023711919785, -0.764297366142273, 0.12001851946115494, -0.6327185034751892, 4, 0)
(-0.021881192922592163, -0.7743552327156067, 0.13871969282627106, -0.6169702410697937, 4, 0)
(-0.011907064355909824, -0.7881186008453369, 0.16336369514465332, -0.5933295488357544, 4, 0)
(-0.007652809843420982, -0.8061459064483643, 0.1898849457502365, -0.5603694319725037, 4, 0)
(-0.012607823126018047, -0.8182569742202759, 0.2116495668888092, -0.5343230962753296, 4, 0)
(-0.016121042892336845, -0.8253639340400696, 0.23330330848693848, -0.5138911604881287, 4, 0)
(-0.023973289877176285, -0.8316515684127808, 0.2777613699436188, -0.4802393317222595, 4, 0)
(-0.04104303941130638, -0.829397439956665, 0.33669838309288025, -0.4439028799533844, 4, 0)
(-0.07746071368455887, -0.8114253282546997, 0.424736887216568, -0.3939385414123535, 4, 0)
(-0.10727271437644958, -0.7920473217964172, 0.4837987422943115, -0.3565008044242859, 4, 0)
(-0.12700293958187103, -0.7804269194602966, 0.5147323608398438, -0.33144351840019226, 4, 0)
(-0.14579305052757263, -0.7714278101921082, 0.5378928184509277, -0.3071073889732361, 4, 0)
(-0.17910470068454742, -0.7553409337997437, 0.5742722153663635, -0.2599870562553406, 4, 0)
(-0.20938849449157715, -0.7282454967498779, 0.6232994198799133, -0.193165585398674, 4, 0)
(-0.2263040542602539, -0.7043924331665039, 0.6579179763793945, -0.14057670533657074, 4, 0)
(-0.23244334757328033, -0.6918829679489136, 0.6756755113601685, -0.10358895361423492, 4, 0)
(-0.23284077644348145, -0.6873641014099121, 0.6833445429801941, -0.07972598075866699, 4, 0)
(-0.23104164004325867, -0.6858512163162231, 0.6876501441001892, -0.05801193416118622, 4, 0)
(-0.22792799770832062, -0.6861752271652222, 0.6897521018981934, -0.03813815861940384, 4, 0)
(-0.22370199859142303, -0.687683641910553, 0.6904242038726807, -0.019057393074035645, 4, 0)
(-0.21857479214668274, -0.6904419660568237, 0.6895758509635925, -0.0005719093605875969, 4, 0)
(-0.20991766452789307, -0.6964391469955444, 0.6857531666755676, 0.02549636922776699, 4, 0)
(-0.20357300341129303, -0.7016940116882324, 0.6815090179443359, 0.04158248379826546, 4, 0)
(-0.1972464621067047, -0.7112196087837219, 0.6722449660301208, 0.05785590410232544, 4, 0)
(-0.19467657804489136, -0.719290018081665, 0.6637662649154663, 0.06432224065065384, 4, 0)
(-0.19233208894729614, -0.7291005849838257, 0.6533796191215515, 0.06719895452260971, 4, 0)
(-0.19021742045879364, -0.7405597567558289, 0.6410362720489502, 0.06679171323776245, 4, 0)
(-0.19473324716091156, -0.767028272151947, 0.6091473698616028, 0.05183102563023567, 4, 0)
(-0.21192775666713715, -0.7890511155128479, 0.5758538246154785, 0.029623355716466904, 4, 0)
(-0.23191268742084503, -0.8120149374008179, 0.5355809926986694, 0.0012063509784638882, 4, 0)
(-0.2603559195995331, -0.8379953503608704, 0.4779019355773926, -0.03985720872879028, 4, 0)
(-0.27374348044395447, -0.8489299416542053, 0.4481876790523529, -0.05924952030181885, 4, 0)
(-0.28811413049697876, -0.8630359172821045, 0.4062499403953552, -0.08438191562891006, 4, 0)
(-0.29552072286605835, -0.8758529424667358, 0.3662670850753784, -0.10676063597202301, 4, 0)
(-0.2989651560783386, -0.8875235319137573, 0.3262166976928711, -0.12847015261650085, 4, 0)
(-0.30036062002182007, -0.8976042866706848, 0.2855571210384369, -0.1501578390598297, 4, 0)
(-0.3058396875858307, -0.9062751531600952, 0.23025831580162048, -0.17918844521045685, 4, 0)
(-0.3130420744419098, -0.9088476896286011, 0.18585479259490967, -0.2036135047674179, 4, 0)
(-0.3256630301475525, -0.9060044288635254, 0.12374300509691238, -0.24038958549499512, 4, 0)
(-0.3326267600059509, -0.9015778303146362, 0.09215329587459564, -0.2608155906200409, 4, 0)
(-0.34628409147262573, -0.8903094530105591, 0.049158334732055664, -0.2915821373462677, 4, 0)
(-0.36444130539894104, -0.8739975690841675, 0.006966635584831238, -0.3213444650173187, 4, 0)
(-0.38486045598983765, -0.8535894155502319, -0.034888431429862976, -0.3493574857711792, 4, 0)
(-0.3994517922401428, -0.8377480506896973, -0.06387309730052948, -0.3667926490306854, 4, 0)
(-0.4230949580669403, -0.8101199865341187, -0.10923789441585541, -0.39084985852241516, 4, 0)
(-0.4537290930747986, -0.7724738121032715, -0.16153226792812347, -0.4139101207256317, 4, 0)
(-0.490268737077713, -0.7219239473342896, -0.21879126131534576, -0.4365695118904114, 4, 0)
(-0.5298260450363159, -0.6580109596252441, -0.27727633714675903, -0.45762839913368225, 4, 0)
(-0.5847947001457214, -0.5375457406044006, -0.365357905626297, -0.4853590428829193, 4, 0)
(-0.6006733775138855, -0.4866812527179718, -0.3944215774536133, -0.49675416946411133, 4, 0)
(-0.6276811957359314, -0.38404905796051025, -0.4418800473213196, -0.5130931735038757, 4, 0)
(-0.6528233289718628, -0.2678603529930115, -0.4851629137992859, -0.5164200663566589, 4, 0)
(-0.6694607138633728, -0.12776988744735718, -0.5339653491973877, -0.5003783106803894, 4, 0)
(-0.6687899827957153, -0.07976237684488297, -0.5531622171401978, -0.49027493596076965, 4, 0)
(-0.6627728939056396, -0.03961874917149544, -0.5731299519538879, -0.48029640316963196, 4, 0)
(-0.6131142377853394, 0.024373497813940048, -0.6349672675132751, -0.4693755805492401, 4, 0)
(-0.5931797623634338, 0.0035831728018820286, -0.6458307504653931, -0.48065343499183655, 4, 0)
(-0.5951321125030518, -0.02986627258360386, -0.6306957006454468, -0.4971407353878021, 4, 0)
(-0.5896441340446472, -0.06242899224162102, -0.6171286702156067, -0.5172764658927917, 4, 0)
(-0.5700808763504028, -0.0886065810918808, -0.6141404509544373, -0.5385056734085083, 4, 0)
(-0.552879810333252, -0.10296940803527832, -0.6200512647628784, -0.5470443964004517, 4, 0)
(-0.5427471995353699, -0.1150999516248703, -0.623558521270752, -0.5507742762565613, 4, 0)
(-0.5344082713127136, -0.12989181280136108, -0.6252673268318176, -0.5536935925483704, 4, 0)
(-0.5279493927955627, -0.15190988779067993, -0.6261070966720581, -0.5533379316329956, 4, 0)
(-0.5224578976631165, -0.17042505741119385, -0.6227099299430847, -0.5569790601730347, 4, 0)
(-0.5136852264404297, -0.19985871016979218, -0.6124677062034607, -0.5666279792785645, 4, 0)
(-0.5037493705749512, -0.2312333732843399, -0.5960139632225037, -0.5809777975082397, 4, 0)
(-0.49602702260017395, -0.25370678305625916, -0.5815948247909546, -0.5927374362945557, 4, 0)
(-0.4640183746814728, -0.3401693105697632, -0.5164952278137207, -0.6341961622238159, 4, 0)
(-0.4417652189731598, -0.3967001438140869, -0.4706190824508667, -0.6526793837547302, 4, 0)
(-0.4286472797393799, -0.4252319931983948, -0.44443899393081665, -0.6617502570152283, 4, 0)
(-0.4182133674621582, -0.4464244842529297, -0.4235067069530487, -0.6681653261184692, 4, 0)
(-0.40699970722198486, -0.46955811977386475, -0.39978456497192383, -0.6738241314888, 4, 0)
(-0.38895541429519653, -0.5131807923316956, -0.34880536794662476, -0.6809508204460144, 4, 0)
(-0.38194799423217773, -0.5342875719070435, -0.3195543885231018, -0.6830355525016785, 4, 0)
(-0.37358203530311584, -0.5651474595069885, -0.2790534198284149, -0.6805689334869385, 4, 0)
(-0.3667086958885193, -0.5970613360404968, -0.24283695220947266, -0.6708747744560242, 4, 0)
(-0.3597942888736725, -0.6267068386077881, -0.20726287364959717, -0.6594154834747314, 4, 0)
(-0.35310131311416626, -0.6457847356796265, -0.18227112293243408, -0.6519654989242554, 4, 0)
(-0.34208160638809204, -0.6739833950996399, -0.14680954813957214, -0.6381014585494995, 4, 0)
(-0.332884281873703, -0.701313316822052, -0.11295539140701294, -0.6201521754264832, 4, 0)
(-0.3185172379016876, -0.7350249290466309, -0.060656651854515076, -0.5954881310462952, 4, 0)
(-0.29659581184387207, -0.7760455012321472, 0.019190683960914612, -0.5562518835067749, 4, 0)
(-0.2834164798259735, -0.7990105152130127, 0.07469108700752258, -0.5250511169433594, 4, 0)
(-0.2710600793361664, -0.8190056085586548, 0.12728634476661682, -0.4894430637359619, 4, 0)
(-0.26057323813438416, -0.8370603322982788, 0.17291074991226196, -0.44892480969429016, 4, 0)
(-0.24538563191890717, -0.8619818687438965, 0.2291904091835022, -0.37979617714881897, 4, 0)
(-0.2364681214094162, -0.873094379901886, 0.2485765665769577, -0.34640857577323914, 4, 0)
(-0.230561763048172, -0.8790013790130615, 0.2609931528568268, -0.32569968700408936, 4, 0)
(-0.22681766748428345, -0.8829751014709473, 0.27357959747314453, -0.3066974878311157, 4, 0)
(-0.2259860634803772, -0.8861368298530579, 0.28055834770202637, -0.2915116250514984, 4, 0)
(-0.22841766476631165, -0.8882617354393005, 0.28521764278411865, -0.2783297300338745, 4, 0)
(-0.23088568449020386, -0.8884434103965759, 0.28440913558006287, -0.2765352427959442, 4, 0)
(-0.2349313199520111, -0.8881818056106567, 0.28177401423454285, -0.2766658067703247, 4, 0)
(-0.2414441704750061, -0.8873450756072998, 0.2780672013759613, -0.2774930000305176, 4, 0)
(-0.2432064563035965, -0.886987030506134, 0.27720412611961365, -0.27796170115470886, 4, 0)
(-0.24706286191940308, -0.8856682181358337, 0.2754834294319153, -0.28046533465385437, 4, 0)
(-0.2531318664550781, -0.8833212852478027, 0.27496853470802307, -0.28294944763183594, 4, 0)
(-0.26113632321357727, -0.8802592158317566, 0.2750231921672821, -0.2851559817790985, 4, 0)
(-0.27727898955345154, -0.8731200695037842, 0.2740532159805298, -0.29269886016845703, 4, 0)
(-0.2954244613647461, -0.8634757399559021, 0.2642230987548828, -0.31196197867393494, 4, 0)
(-0.2981335520744324, -0.8614010214805603, 0.2611824870109558, -0.3176296651363373, 4, 0)
(-0.30409470200538635, -0.853748619556427, 0.25353357195854187, -0.3381724953651428, 4, 0)
(-0.30920740962028503, -0.8448057174682617, 0.244899719953537, -0.36155009269714355, 4, 0)
(-0.30534663796424866, -0.8427259922027588, 0.24242472648620605, -0.371223509311676, 4, 0)
(-0.29884767532348633, -0.842066764831543, 0.2388409674167633, -0.38022205233573914, 4, 0)
(-0.28866541385650635, -0.8397184014320374, 0.24142760038375854, -0.39148229360580444, 4, 0)
(-0.2737024426460266, -0.8262711763381958, 0.26247531175613403, -0.4164970815181732, 4, 0)
(-0.27763333916664124, -0.8199479579925537, 0.267717570066452, -0.42300423979759216, 4, 0)
(-0.28353843092918396, -0.8151013255119324, 0.2719552516937256, -0.4257422387599945, 4, 0)
(-0.28454336524009705, -0.8115307092666626, 0.27294987440109253, -0.4312208890914917, 4, 0)
(-0.2882848381996155, -0.8115391731262207, 0.26898717880249023, -0.4312099516391754, 4, 0)
(-0.2891916334629059, -0.8173351287841797, 0.27345842123031616, -0.41659578680992126, 4, 0)
(-0.2882485091686249, -0.820838987827301, 0.28181853890419006, -0.4046168029308319, 4, 0)
(-0.3022969365119934, -0.820310652256012, 0.2906847298145294, -0.3888565003871918, 4, 0)
(-0.31052902340888977, -0.8207155466079712, 0.28960421681404114, -0.3822660446166992, 4, 0)
(-0.3178730010986328, -0.820360541343689, 0.2879451513290405, -0.3782234787940979, 4, 0)
(-0.3300434947013855, -0.8144424557685852, 0.2884399890899658, -0.38020676374435425, 4, 0)
(-0.33696696162223816, -0.8091526627540588, 0.28910741209983826, -0.3848925828933716, 4, 0)
(-0.3395039737224579, -0.8025949597358704, 0.29271772503852844, -0.39356687664985657, 4, 0)
(-0.34477150440216064, -0.7966090440750122, 0.296692818403244, -0.39814597368240356, 4, 0)
(-0.34677037596702576, -0.7933101058006287, 0.30017176270484924, -0.4003826975822449, 4, 0)
(-0.35479360818862915, -0.7890845537185669, 0.30190107226371765, -0.4004036784172058, 4, 0)
(-0.37103599309921265, -0.781822681427002, 0.29683616757392883, -0.4037003517150879, 4, 0)
(-0.3766264021396637, -0.7807398438453674, 0.2916829586029053, -0.40437498688697815, 4, 0)
(-0.38299185037612915, -0.7771787643432617, 0.28564563393592834, -0.4095328450202942, 4, 0)
(-0.3856072425842285, -0.7746509313583374, 0.28311464190483093, -0.4136051535606384, 4, 0)
(-0.38228675723075867, -0.7672155499458313, 0.2864170968532562, -0.4280218780040741, 4, 0)
(-0.3823404312133789, -0.7626062035560608, 0.28943267464637756, -0.4341386556625366, 4, 0)
(-0.38479724526405334, -0.7524828910827637, 0.29768186807632446, -0.44394394755363464, 4, 0)
(-0.38547515869140625, -0.7478401064872742, 0.30142876505851746, -0.4486481249332428, 4, 0)
(-0.3876791298389435, -0.7430053353309631, 0.30699393153190613, -0.45100197196006775, 4, 0)
(-0.39269834756851196, -0.7368926405906677, 0.313018798828125, -0.4525446593761444, 4, 0)
(-0.3966194689273834, -0.7329245805740356, 0.31726717948913574, -0.4526105225086212, 4, 0)
(-0.4009803533554077, -0.7303898334503174, 0.3214978873729706, -0.4498717188835144, 4, 0)
(-0.4046863317489624, -0.7270854115486145, 0.3242107033729553, -0.44995933771133423, 4, 0)
(-0.41230371594429016, -0.7208163142204285, 0.32598763704299927, -0.45184266567230225, 4, 0)
(-0.41627296805381775, -0.7175317406654358, 0.3226096034049988, -0.45583802461624146, 4, 0)
(-0.41722169518470764, -0.7167192101478577, 0.3129191994667053, -0.4629484713077545, 4, 0)
(-0.41775038838386536, -0.7159379720687866, 0.30372050404548645, -0.4697567820549011, 4, 0)
(-0.41932621598243713, -0.716001033782959, 0.29254791140556335, -0.4753144085407257, 4, 0)
(-0.425041139125824, -0.7110459804534912, 0.28284740447998047, -0.4834780693054199, 4, 0)
(-0.4278564155101776, -0.7076266407966614, 0.27759408950805664, -0.48902466893196106, 4, 0)
(-0.4236992299556732, -0.7077675461769104, 0.2709362804889679, -0.4961227774620056, 4, 0)
(-0.42245790362358093, -0.7053788304328918, 0.2705094814300537, -0.5007941722869873, 4, 0)
(-0.4213925898075104, -0.7031742334365845, 0.27000534534454346, -0.5050459504127502, 4, 0)
(-0.4193280339241028, -0.6998155117034912, 0.27046748995780945, -0.5111453533172607, 4, 0)
(-0.416724294424057, -0.6975335478782654, 0.2720417380332947, -0.5155400037765503, 4, 0)
(-0.4115458130836487, -0.6942960023880005, 0.2755367159843445, -0.5221711993217468, 4, 0)
(-0.4036560654640198, -0.6895453333854675, 0.2817452549934387, -0.5312332510948181, 4, 0)
(-0.3981039226055145, -0.685946524143219, 0.28647783398628235, -0.5375139713287354, 4, 0)
(-0.394804447889328, -0.6835702657699585, 0.28920048475265503, -0.5415019989013672, 4, 0)
(-0.3908182978630066, -0.676472008228302, 0.29074332118034363, -0.552372395992279, 4, 0)
(-0.3849266469478607, -0.675079345703125, 0.28764376044273376, -0.5597862601280212, 4, 0)
(-0.37792956829071045, -0.6739034056663513, 0.2860540747642517, -0.5667423009872437, 4, 0)
(-0.36677148938179016, -0.6736648082733154, 0.28307226300239563, -0.5757817029953003, 4, 0)
(-0.35567140579223633, -0.6744085550308228, 0.2802484333515167, -0.5832082629203796, 4, 0)
(-0.3401575982570648, -0.67088383436203, 0.2798510491847992, -0.5965662598609924, 4, 0)
(-0.3220839202404022, -0.6685740351676941, 0.27727004885673523, -0.6102393269538879, 4, 0)
(-0.298284649848938, -0.6725354790687561, 0.2686229348182678, -0.6217427849769592, 4, 0)
(-0.27337417006492615, -0.6768946647644043, 0.26104283332824707, -0.6316146850585938, 4, 0)
(-0.25628095865249634, -0.6789138317108154, 0.2566756010055542, -0.6383681297302246, 4, 0)
(-0.23797382414340973, -0.6809095740318298, 0.2514317035675049, -0.6453781723976135, 4, 0)
(-0.22427767515182495, -0.6819064021110535, 0.24646486341953278, -0.6511209011077881, 4, 0)
(-0.21635301411151886, -0.6859149932861328, 0.24029117822647095, -0.6518990993499756, 4, 0)
(-0.20793144404888153, -0.6907607316970825, 0.2344178408384323, -0.6516612768173218, 4, 0)
(-0.2002519816160202, -0.6924309730529785, 0.23237335681915283, -0.6530247926712036, 4, 0)
(-0.19652710855007172, -0.6935741901397705, 0.2317761927843094, -0.6531554460525513, 4, 0)
(-0.19253340363502502, -0.7007196545600891, 0.22614240646362305, -0.6486774682998657, 4, 0)
(-0.18982166051864624, -0.7036775350570679, 0.22299401462078094, -0.6473634839057922, 4, 0)
(-0.18784725666046143, -0.708698570728302, 0.2175813615322113, -0.6442967653274536, 4, 0)
(-0.1835862398147583, -0.7169092893600464, 0.2087801992893219, -0.6393340826034546, 4, 0)
(-0.18049336969852448, -0.7190907001495361, 0.20651821792125702, -0.6384990215301514, 4, 0)
(-0.1788591891527176, -0.7203941941261292, 0.20395256578922272, -0.6383143067359924, 4, 0)
(-0.17745304107666016, -0.7377049326896667, 0.17978811264038086, -0.6260817646980286, 4, 0)
(-0.17728547751903534, -0.7414443492889404, 0.17439855635166168, -0.6232297420501709, 4, 0)
(-0.1778518259525299, -0.7411639094352722, 0.17430026829242706, -0.6234296560287476, 4, 0)
(-0.18103672564029694, -0.7391231656074524, 0.17355795204639435, -0.625140368938446, 4, 0)
(-0.18369463086128235, -0.7376611232757568, 0.17288652062416077, -0.6262768507003784, 4, 0)
(-0.18616968393325806, -0.7364456653594971, 0.172159805893898, -0.62717604637146, 4, 0)
(-0.18782289326190948, -0.7356876134872437, 0.1706932932138443, -0.6279730796813965, 4, 0)
(-0.18898317217826843, -0.735027015209198, 0.16850970685482025, -0.6289873719215393, 4, 0)
(-0.19026978313922882, -0.734091579914093, 0.16573913395404816, -0.6304266452789307, 4, 0)
(-0.191009059548378, -0.7334846258163452, 0.16463975608348846, -0.6311970353126526, 4, 0)
(-0.19209864735603333, -0.7329443097114563, 0.16397908329963684, -0.6316658854484558, 4, 0)
(-0.19627293944358826, -0.7316915988922119, 0.1625070720911026, -0.632215142250061, 4, 0)
(-0.20117875933647156, -0.7304563522338867, 0.16143803298473358, -0.6323753595352173, 4, 0)
(-0.20735689997673035, -0.7297580242156982, 0.15830211341381073, -0.6319785118103027, 4, 0)
(-0.20529551804065704, -0.7328720688819885, 0.1461498737335205, -0.6319753527641296, 4, 0)
(-0.20208756625652313, -0.7352446913719177, 0.13941806554794312, -0.6317743062973022, 4, 0)
(-0.20121406018733978, -0.7356164455413818, 0.13729354739189148, -0.6320855021476746, 4, 0)
(-0.20128728449344635, -0.7356929183006287, 0.13536663353443146, -0.632388710975647, 4, 0)
(-0.2013666331768036, -0.7362362146377563, 0.13357147574424744, -0.6321127414703369, 4, 0)
(-0.19831795990467072, -0.7368905544281006, 0.13090980052947998, -0.6328704953193665, 4, 0)
(-0.19371819496154785, -0.7383525967597961, 0.12640738487243652, -0.6335062384605408, 4, 0)
(-0.19378510117530823, -0.7394387125968933, 0.1265937238931656, -0.6321802139282227, 4, 0)
(-0.19427801668643951, -0.739822268486023, 0.12759052217006683, -0.6313793063163757, 4, 0)
(-0.1963101029396057, -0.7394903898239136, 0.1298234909772873, -0.6306840181350708, 4, 0)
(-0.19566401839256287, -0.7383655905723572, 0.12955597043037415, -0.6322556734085083, 4, 0)
(-0.19533666968345642, -0.7365471124649048, 0.13021202385425568, -0.6343399286270142, 4, 0)
(-0.198068305850029, -0.7347990870475769, 0.13106127083301544, -0.6353442668914795, 4, 0)
(-0.20171961188316345, -0.7324216365814209, 0.1306871771812439, -0.6370155811309814, 4, 0)
(-0.2039857804775238, -0.7308272123336792, 0.12847091257572174, -0.6385740637779236, 4, 0)
(-0.2050202190876007, -0.7299099564552307, 0.12481987476348877, -0.6400142312049866, 4, 0)
(-0.2059856802225113, -0.7284383773803711, 0.1191803365945816, -0.6424511671066284, 4, 0)
(-0.20416788756847382, -0.7246865034103394, 0.1166093647480011, -0.6477248072624207, 4, 0)
(-0.20237287878990173, -0.7191885113716125, 0.11393983662128448, -0.6548519134521484, 4, 0)
(-0.20158597826957703, -0.715485155582428, 0.1129894107580185, -0.659300684928894, 4, 0)
(-0.20079270005226135, -0.7128573060035706, 0.11304968595504761, -0.6623718738555908, 4, 0)
(-0.2002265304327011, -0.7106411457061768, 0.11286534368991852, -0.6649510264396667, 4, 0)
(-0.2006126195192337, -0.7074741125106812, 0.11160140484571457, -0.6684162616729736, 4, 0)
(-0.20042556524276733, -0.7057387232780457, 0.11132239550352097, -0.6703506112098694, 4, 0)
(-0.20010286569595337, -0.7033450603485107, 0.11140140146017075, -0.6729447245597839, 4, 0)
(-0.20065602660179138, -0.7025395631790161, 0.11026298999786377, -0.6738081574440002, 4, 0)
(-0.20106780529022217, -0.7014560699462891, 0.10736684501171112, -0.6752803921699524, 4, 0)
(-0.20029716193675995, -0.6998063921928406, 0.10488385707139969, -0.6776072978973389, 4, 0)
(-0.19767798483371735, -0.6966609954833984, 0.10196980834007263, -0.6820478439331055, 4, 0)
(-0.19728974997997284, -0.6952269077301025, 0.10033231228590012, -0.6838638186454773, 4, 0)
(-0.19727282226085663, -0.6947576999664307, 0.09954339265823364, -0.6844607591629028, 4, 0)
(-0.19744591414928436, -0.6944542527198792, 0.09975415468215942, -0.6846879720687866, 4, 0)
(-0.19733236730098724, -0.6925489902496338, 0.10133350640535355, -0.6864165663719177, 4, 0)
(-0.19658693671226501, -0.6910373568534851, 0.10351907461881638, -0.6878260970115662, 4, 0)
(-0.19537444412708282, -0.6910913586616516, 0.1046193540096283, -0.6879511475563049, 4, 0)
(-0.19410566985607147, -0.6912030577659607, 0.10515081882476807, -0.6881169676780701, 4, 0)
(-0.1918381303548813, -0.6905815005302429, 0.10605086386203766, -0.6892377138137817, 4, 0)
(-0.18784503638744354, -0.6893656849861145, 0.10848309099674225, -0.6911734938621521, 4, 0)
(-0.1861947774887085, -0.6891001462936401, 0.10866090655326843, -0.6918565630912781, 4, 0)
(-0.1837112456560135, -0.6881142854690552, 0.10964655131101608, -0.6933445334434509, 4, 0)
(-0.1810738444328308, -0.6871331334114075, 0.11097626388072968, -0.6947983503341675, 4, 0)
(-0.17858360707759857, -0.685666561126709, 0.11262620985507965, -0.6966239213943481, 4, 0)
(-0.1767907440662384, -0.6840779185295105, 0.11364444345235825, -0.6984752416610718, 4, 0)
(-0.1770235300064087, -0.6819508075714111, 0.11215745657682419, -0.7007328867912292, 4, 0)
(-0.178645521402359, -0.6798897981643677, 0.11224664002656937, -0.702307939529419, 4, 0)
(-0.18116897344589233, -0.6781620383262634, 0.11241082847118378, -0.7033051252365112, 4, 0)
(-0.18249858915805817, -0.6775650382041931, 0.1119074672460556, -0.703616738319397, 4, 0)
(-0.18401873111724854, -0.6770925521850586, 0.11047772318124771, -0.7039017677307129, 4, 0)
(-0.18390659987926483, -0.6771069765090942, 0.10984638333320618, -0.7040159702301025, 4, 0)
(-0.18176522850990295, -0.6769685745239258, 0.10864169895648956, -0.7048914432525635, 4, 0)
(-0.17926181852817535, -0.6758543252944946, 0.10748301446437836, -0.706777036190033, 4, 0)
(-0.17850662767887115, -0.674866259098053, 0.10701252520084381, -0.7079825401306152, 4, 0)
(-0.17839279770851135, -0.6738908886909485, 0.10698482394218445, -0.7089438438415527, 4, 0)
(-0.17901942133903503, -0.6726266741752625, 0.10838943719863892, -0.7097727060317993, 4, 0)
(-0.18089158833026886, -0.6714403629302979, 0.1099051684141159, -0.710188090801239, 4, 0)
(-0.18151849508285522, -0.6710062623023987, 0.11033445596694946, -0.710371732711792, 4, 0)
(-0.18251731991767883, -0.6699837446212769, 0.11182643473148346, -0.7108474373817444, 4, 0)
(-0.18222734332084656, -0.6694353222846985, 0.11243446916341782, -0.711342453956604, 4, 0)
(-0.18113793432712555, -0.6690976619720459, 0.11223308742046356, -0.7119700908660889, 4, 0)
(-0.1788182407617569, -0.6688029170036316, 0.11134060472249985, -0.7129727005958557, 4, 0)
(-0.17763903737068176, -0.6681784987449646, 0.11057545244693756, -0.7139714360237122, 4, 0)
(-0.1769842803478241, -0.6667903661727905, 0.11164721846580505, -0.7152639031410217, 4, 0)
(-0.177254319190979, -0.665538489818573, 0.11331184208393097, -0.7161005735397339, 4, 0)
(-0.17814604938030243, -0.664277970790863, 0.11523938179016113, -0.716741681098938, 4, 0)
(-0.17904987931251526, -0.6634559035301208, 0.11630275100469589, -0.717106282711029, 4, 0)
(-0.17884407937526703, -0.6628547310829163, 0.11709780246019363, -0.7175838351249695, 4, 0)
(-0.1784762591123581, -0.6627447009086609, 0.11723607778549194, -0.7177544236183167, 4, 0)
(-0.1719641238451004, -0.6610291600227356, 0.11774777621030807, -0.72083580493927, 4, 0)
(-0.1704040765762329, -0.6599103212356567, 0.1188422292470932, -0.7220509648323059, 4, 0)
(-0.1703001707792282, -0.6595742106437683, 0.11916274577379227, -0.7223295569419861, 4, 0)
(-0.16975317895412445, -0.6592963337898254, 0.11960826814174652, -0.7226383686065674, 4, 0)
(-0.16955044865608215, -0.659140408039093, 0.119644895195961, -0.7228220701217651, 4, 0)
(-0.1662176102399826, -0.6588833928108215, 0.1177065297961235, -0.7241476774215698, 4, 0)
(-0.16457301378250122, -0.6575068831443787, 0.11855250597000122, -0.7256348729133606, 4, 0)
(-0.16453570127487183, -0.6564769148826599, 0.11989809572696686, -0.7263543605804443, 4, 0)
(-0.164998397231102, -0.6552541255950928, 0.12092231214046478, -0.7271832823753357, 4, 0)
(-0.16582801938056946, -0.6541888117790222, 0.12199851125478745, -0.7277736067771912, 4, 0)
(-0.1662754863500595, -0.6545383334159851, 0.12154024839401245, -0.7274340391159058, 4, 0)
(-0.16587387025356293, -0.6547682881355286, 0.12113276869058609, -0.7273867130279541, 4, 0)
(-0.16540567576885223, -0.6546669006347656, 0.12107895314693451, -0.7275934815406799, 4, 0)
(-0.16463905572891235, -0.6538761854171753, 0.12070603668689728, -0.7285398244857788, 4, 0)
(-0.1647367775440216, -0.652869701385498, 0.12119046598672867, -0.7293395400047302, 4, 0)
(-0.16479545831680298, -0.6522334218025208, 0.12042485177516937, -0.7300220131874084, 4, 0)
(-0.16499528288841248, -0.6524817943572998, 0.11946559697389603, -0.7299124002456665, 4, 0)
(-0.16376301646232605, -0.6530376076698303, 0.11782558262348175, -0.7299595475196838, 4, 0)
(-0.16422002017498016, -0.6529584527015686, 0.11745501309633255, -0.7299874424934387, 4, 0)
(-0.1642635613679886, -0.6527014374732971, 0.1177002340555191, -0.7301678657531738, 4, 0)
(-0.16421325504779816, -0.6522400975227356, 0.11791238933801651, -0.7305571436882019, 4, 0)
(-0.16365279257297516, -0.6520923376083374, 0.11743009835481644, -0.7308923006057739, 4, 0)
(-0.16330330073833466, -0.652190625667572, 0.11649072170257568, -0.7310333251953125, 4, 0)
(-0.16299280524253845, -0.6522413492202759, 0.11565525829792023, -0.7311899065971375, 4, 0)
(-0.16198788583278656, -0.6524202227592468, 0.11454570293426514, -0.7314281463623047, 4, 0)
(-0.16128285229206085, -0.6522209644317627, 0.11434166133403778, -0.7317935824394226, 4, 0)
(-0.16039982438087463, -0.6515265703201294, 0.1144528016448021, -0.7325884699821472, 4, 0)
(-0.16072508692741394, -0.6510530710220337, 0.11418522894382477, -0.7329795956611633, 4, 0)
(-0.16212576627731323, -0.6507588624954224, 0.11390063911676407, -0.7329769134521484, 4, 0)
(-0.1632859706878662, -0.6505973935127258, 0.11391103267669678, -0.7328609824180603, 4, 0)
(-0.1635718047618866, -0.6504561305046082, 0.11369114369153976, -0.7329567074775696, 4, 0)
(-0.1641070395708084, -0.6506231427192688, 0.11313937604427338, -0.7327742576599121, 4, 0)
(-0.16425538063049316, -0.6508439183235168, 0.11206287890672684, -0.7327102422714233, 4, 0)
(-0.16426187753677368, -0.6511959433555603, 0.11072828620672226, -0.732599139213562, 4, 0)
(-0.16426756978034973, -0.651278555393219, 0.10960178077220917, -0.7326937317848206, 4, 0)
(-0.16390328109264374, -0.6508142948150635, 0.10904866456985474, -0.7332701086997986, 4, 0)
(-0.16445483267307281, -0.6505031585693359, 0.10869966447353363, -0.7334743142127991, 4, 0)
(-0.16612935066223145, -0.6500064730644226, 0.10885050892829895, -0.7335150837898254, 4, 0)
(-0.16756337881088257, -0.6497464179992676, 0.10861896723508835, -0.7334535717964172, 4, 0)
(-0.16837705671787262, -0.6495391130447388, 0.10805922746658325, -0.733533501625061, 4, 0)
(-0.16881337761878967, -0.6499214172363281, 0.10623961687088013, -0.7333604693412781, 4, 0)
(-0.16898590326309204, -0.6497905850410461, 0.10575452446937561, -0.7335069179534912, 4, 0)
(-0.16947151720523834, -0.6500149369239807, 0.10510841012001038, -0.7332887649536133, 4, 0)
(-0.17046654224395752, -0.6502264142036438, 0.10487747937440872, -0.7329036593437195, 4, 0)
(-0.1707623153924942, -0.6504570245742798, 0.1048782467842102, -0.7326298952102661, 4, 0)
(-0.16970008611679077, -0.6505824327468872, 0.1046224981546402, -0.7328019738197327, 4, 0)
(-0.16902972757816315, -0.6505933403968811, 0.1048777848482132, -0.732910692691803, 4, 0)
(-0.16853031516075134, -0.6505813002586365, 0.10485643148422241, -0.733039379119873, 4, 0)
(-0.16743265092372894, -0.6505136489868164, 0.1046873927116394, -0.733375072479248, 4, 0)
(-0.16599757969379425, -0.6504656076431274, 0.10411298274993896, -0.7338256239891052, 4, 0)
(-0.1647411584854126, -0.6501054167747498, 0.10388114303350449, -0.7344604134559631, 4, 0)
(-0.16411957144737244, -0.649548351764679, 0.10326893627643585, -0.7351784706115723, 4, 0)
(-0.16409097611904144, -0.649152398109436, 0.1031223013997078, -0.7355551719665527, 4, 0)
(-0.16475510597229004, -0.6490939259529114, 0.10321860015392303, -0.7354446649551392, 4, 0)
(-0.16487371921539307, -0.6487932205200195, 0.10378461331129074, -0.7356038689613342, 4, 0)
(-0.16421560943126678, -0.6485746502876282, 0.10391563177108765, -0.7359251379966736, 4, 0)
(-0.1637038290500641, -0.6480576992034912, 0.10421618819236755, -0.7364518642425537, 4, 0)
(-0.1626342087984085, -0.6462424993515015, 0.10599590837955475, -0.738028347492218, 4, 0)
(-0.16312211751937866, -0.6448856592178345, 0.10638447105884552, -0.7390508651733398, 4, 0)
(-0.16092653572559357, -0.6443730592727661, 0.10688871890306473, -0.7399058938026428, 4, 0)
(-0.1617683470249176, -0.6446536183357239, 0.10616603493690491, -0.7395820021629333, 4, 0)
(-0.16127490997314453, -0.6442636847496033, 0.10727351158857346, -0.7398698329925537, 4, 0)
(-0.1612626165151596, -0.644320547580719, 0.10759834200143814, -0.7397758364677429, 4, 0)
(-0.16083924472332, -0.6442499756813049, 0.10783232003450394, -0.7398954033851624, 4, 0)
(-0.16023874282836914, -0.6442707777023315, 0.1079753041267395, -0.7399866580963135, 4, 0)
(-0.1592189371585846, -0.6443637609481812, 0.10810445249080658, -0.7401069402694702, 4, 0)
(-0.15925897657871246, -0.6445953249931335, 0.10777628421783447, -0.7399443984031677, 4, 0)
(-0.15970081090927124, -0.6447852849960327, 0.10753297060728073, -0.739719033241272, 4, 0)
(-0.16064144670963287, -0.6455579400062561, 0.10672898590564728, -0.7389575839042664, 4, 0)
(-0.16076666116714478, -0.6467276215553284, 0.1056399792432785, -0.7380635738372803, 4, 0)
(-0.1603272259235382, -0.647704541683197, 0.10481013357639313, -0.7374205589294434, 4, 0)
(-0.1599474996328354, -0.6481659412384033, 0.10452234745025635, -0.7371382713317871, 4, 0)
(-0.15929687023162842, -0.6486421227455139, 0.1046365424990654, -0.736844003200531, 4, 0)
(-0.1581931859254837, -0.6487900018692017, 0.10528716444969177, -0.736859142780304, 4, 0)
(-0.15766195952892303, -0.6489929556846619, 0.10589464008808136, -0.7367069721221924, 4, 0)
(-0.15731467306613922, -0.6491241455078125, 0.10669320076704025, -0.736550509929657, 4, 0)
(-0.1559290736913681, -0.6492006182670593, 0.1066649854183197, -0.7367817759513855, 4, 0)
(-0.15503698587417603, -0.6492884159088135, 0.10629735141992569, -0.7369457483291626, 4, 0)
(-0.15381310880184174, -0.6491848230361938, 0.10624401271343231, -0.737301230430603, 4, 0)
(-0.15164154767990112, -0.6488459706306458, 0.10671867430210114, -0.7379803657531738, 4, 0)
(-0.15104122459888458, -0.6481620073318481, 0.1076996698975563, -0.738561749458313, 4, 0)
(-0.15097513794898987, -0.6478222012519836, 0.1080905944108963, -0.7388163805007935, 4, 0)
(-0.1512199342250824, -0.6476397514343262, 0.10813216120004654, -0.7389201521873474, 4, 0)
(-0.15173806250095367, -0.6475419402122498, 0.10800208151340485, -0.7389186024665833, 4, 0)
(-0.15205393731594086, -0.6474435329437256, 0.10764359682798386, -0.7389922142028809, 4, 0)
(-0.15229731798171997, -0.6479008197784424, 0.10665471851825714, -0.7386845946311951, 4, 0)
(-0.15301211178302765, -0.6477424502372742, 0.1057739332318306, -0.7388023138046265, 4, 0)
(-0.15407192707061768, -0.6478573083877563, 0.10507913678884506, -0.7385805249214172, 4, 0)
(-0.15580293536186218, -0.6475053429603577, 0.10509367287158966, -0.7385239601135254, 4, 0)
(-0.15737928450107574, -0.6470111608505249, 0.10504841804504395, -0.7386292815208435, 4, 0)
(-0.15831813216209412, -0.6463143229484558, 0.10526103526353836, -0.7390084862709045, 4, 0)
(-0.15913915634155273, -0.6457853317260742, 0.10508497804403305, -0.7393194437026978, 4, 0)
(-0.16100762784481049, -0.6454058289527893, 0.10433848202228546, -0.7393521070480347, 4, 0)
(-0.1626800000667572, -0.645534873008728, 0.1031356006860733, -0.7390421032905579, 4, 0)
(-0.1646420955657959, -0.6456235647201538, 0.10204551368951797, -0.7386813759803772, 4, 0)
(-0.16622616350650787, -0.6457058787345886, 0.10180215537548065, -0.7382880449295044, 4, 0)
(-0.16685841977596283, -0.6460171937942505, 0.10122618079185486, -0.7379522919654846, 4, 0)
(-0.16624614596366882, -0.6463220715522766, 0.10137893259525299, -0.7378024458885193, 4, 0)
(-0.16570863127708435, -0.6463533043861389, 0.10157108306884766, -0.7378694415092468, 4, 0)
(-0.16529792547225952, -0.6463788151741028, 0.10155132412910461, -0.7379420399665833, 4, 0)
(-0.16425558924674988, -0.6462640166282654, 0.10180604457855225, -0.7382403016090393, 4, 0)
(-0.16377680003643036, -0.6459652185440063, 0.10220970213413239, -0.7385523319244385, 4, 0)
(-0.16341322660446167, -0.645862340927124, 0.10204748809337616, -0.7387452125549316, 4, 0)
(-0.16292576491832733, -0.6459432244300842, 0.1017860397696495, -0.7388181686401367, 4, 0)
(-0.16207005083560944, -0.6464428901672363, 0.10084128379821777, -0.7386989593505859, 4, 0)
(-0.16118499636650085, -0.646436870098114, 0.10055629909038544, -0.7389367818832397, 4, 0)
(-0.16060185432434082, -0.6460976004600525, 0.10028614103794098, -0.7393969893455505, 4, 0)
(-0.16024631261825562, -0.6458907723426819, 0.10026801377534866, -0.7396572232246399, 4, 0)
(-0.16056843101978302, -0.6456707715988159, 0.10027958452701569, -0.7397778630256653, 4, 0)
(-0.16087503731250763, -0.6453450322151184, 0.10063561797142029, -0.7399471402168274, 4, 0)
(-0.16138193011283875, -0.6453966498374939, 0.10073596239089966, -0.7397781014442444, 4, 0)
(-0.1616692990064621, -0.6458531618118286, 0.10047654807567596, -0.7393521070480347, 4, 0)
(-0.1620558649301529, -0.6463754773139954, 0.09999870508909225, -0.7388755083084106, 4, 0)
(-0.16213783621788025, -0.6458921432495117, 0.1004808247089386, -0.7392147183418274, 4, 0)
(-0.1621132493019104, -0.645682692527771, 0.10065551102161407, -0.739379346370697, 4, 0)
(-0.16222436726093292, -0.6455666422843933, 0.10078711062669754, -0.7394382953643799, 4, 0)
(-0.1619514524936676, -0.6455613970756531, 0.1007903590798378, -0.7395021915435791, 4, 0)
(-0.16173230111598969, -0.6456736922264099, 0.10058176517486572, -0.7394806742668152, 4, 0)
(-0.16179078817367554, -0.6463441252708435, 0.0992032140493393, -0.7390682101249695, 4, 0)
(-0.16314606368541718, -0.6463212370872498, 0.09909218549728394, -0.7388051152229309, 4, 0)
(-0.16418582201004028, -0.6462947726249695, 0.09901982545852661, -0.7386077642440796, 4, 0)
(-0.16445712745189667, -0.6462807059288025, 0.09927123785018921, -0.738525927066803, 4, 0)
(-0.16449379920959473, -0.6462613344192505, 0.09962698072195053, -0.7384867072105408, 4, 0)
(-0.1645885556936264, -0.6462374925613403, 0.09982194006443024, -0.7384600639343262, 4, 0)
(-0.16379255056381226, -0.6462374329566956, 0.09965847432613373, -0.7386592626571655, 4, 0)
