<YEI3Space WL:12000857>


           R,                   i,                  j,                    k,        %,  Button

(-0.6969476938247681, 0.3327663242816925, -3.0484187602996826, -0.322265625, 0.2783203125, 0.22119140625, 0.06422018259763718, -0.39082568883895874, 0.08073394745588303, 13, 0)
(0.40955856442451477, 1.2659082412719727, -3.409109592437744, -0.737548828125, 0.65966796875, 0.251953125, 0.078899085521698, -0.39174312353134155, 0.08073394745588303, 13, 0)
(0.9668840169906616, 1.8499946594238281, -2.878545045852661, -0.74853515625, 0.782958984375, 0.0146484375, 0.09082569181919098, -0.38623854517936707, 0.08348623663187027, 13, 0)
(1.1460658311843872, 2.0163776874542236, -3.730240821838379, -0.761474609375, 0.726806640625, -0.0791015625, 0.10091742873191833, -0.3807339370250702, 0.0917431190609932, 13, 0)
(1.09370756149292, 1.9884533882141113, -4.832092761993408, -0.78466796875, 0.694091796875, -0.095458984375, 0.11651375889778137, -0.37155964970588684, 0.0990825667977333, 13, 0)
(0.7644317746162415, 1.9593653678894043, -5.708222389221191, -0.8271484375, 0.582275390625, -0.17529296875, 0.1385321170091629, -0.35963302850723267, 0.10642202198505402, 13, 0)
(0.137295201420784, 1.8814096450805664, -6.303944110870361, -0.8251953125, 0.51513671875, -0.2216796875, 0.16697247326374054, -0.34495413303375244, 0.1119266077876091, 13, 0)
(-0.037232596427202225, 1.8709379434585571, -6.64485502243042, -0.781982421875, 0.39599609375, -0.286376953125, 0.18623852729797363, -0.3284403681755066, 0.11376146972179413, 13, 0)
(-0.0034905560314655304, 1.8092714548110962, -6.412151336669922, -0.956787109375, 0.462158203125, -0.41845703125, 0.21376146376132965, -0.30733945965766907, 0.11926605552434921, 13, 0)
(-0.16987371444702148, 1.7441143989562988, -6.419132232666016, -0.94775390625, 0.39111328125, -0.5009765625, 0.2293577939271927, -0.28623852133750916, 0.12293577939271927, 13, 0)
(-0.07795574516057968, 1.6929196119308472, -7.45233678817749, -0.821044921875, 0.179443359375, -0.4404296875, 0.24495412409305573, -0.27339449524879456, 0.12293577939271927, 13, 0)
(-0.039559632539749146, 1.583548903465271, -8.064347267150879, -0.657958984375, 0.078857421875, -0.466796875, 0.26788991689682007, -0.23302751779556274, 0.1321100890636444, 13, 0)
(-0.05817593261599541, 1.5032660961151123, -8.743842124938965, -0.645751953125, -0.120849609375, -0.475830078125, 0.28532111644744873, -0.19266055524349213, 0.13577981293201447, 13, 0)
(-0.05933944880962372, 1.4020400047302246, -8.98469066619873, -0.679931640625, -0.141845703125, -0.49267578125, 0.2908256947994232, -0.18165138363838196, 0.1385321170091629, 13, 0)
(0.8610038161277771, 1.4020400047302246, -10.300630569458008, -0.743896484375, -0.953857421875, -0.8603515625, 0.30458715558052063, -0.13302752375602722, 0.14678898453712463, 13, 0)
(2.135056734085083, 0.5328915119171143, -8.893936157226562, -1.082763671875, -0.81640625, -0.81982421875, 0.31192660331726074, -0.08990825712680817, 0.14862385392189026, 13, 0)
(2.2165029048919678, -1.1402482986450195, -6.2480950355529785, -0.732177734375, -0.660888671875, -0.56787109375, 0.31376147270202637, -0.05137614905834198, 0.14862385392189026, 13, 0)
(1.770875334739685, -1.8197431564331055, -4.870489120483398, -0.594970703125, -0.6806640625, -0.431640625, 0.32018348574638367, -0.03211009129881859, 0.1449541300535202, 13, 0)
(0.9761921167373657, -1.8174160718917847, -2.985588788986206, -0.633544921875, -0.770751953125, -0.260986328125, 0.33211010694503784, 0.022018348798155785, 0.12293577939271927, 13, 0)
(1.2344932556152344, -2.0140507221221924, -3.309046983718872, -0.559814453125, -0.6396484375, -0.2138671875, 0.33761468529701233, 0.039449542760849, 0.11376146972179413, 13, 0)
(1.2728893756866455, -2.5469422340393066, -4.047881126403809, -0.548828125, -0.631103515625, -0.243408203125, 0.3412843942642212, 0.06422018259763718, 0.10091742873191833, 13, 0)
(1.276379942893982, -2.727287769317627, -4.791369915008545, -0.54833984375, -0.7041015625, -0.21728515625, 0.342201828956604, 0.08256880939006805, 0.09266055375337601, 13, 0)
(1.9244598150253296, -2.71099853515625, -5.498789310455322, -0.519287109375, -0.893310546875, -0.188232421875, 0.33853211998939514, 0.11926605552434921, 0.07431192696094513, 13, 0)
(2.4701499938964844, -2.772665023803711, -5.7594170570373535, -0.490966796875, -0.9375, -0.202392578125, 0.3293578028678894, 0.15688073635101318, 0.04954128339886665, 13, 0)
(2.8029162883758545, -2.6376967430114746, -5.515078544616699, -0.406494140625, -1.085205078125, -0.193115234375, 0.31926605105400085, 0.18623852729797363, 0.03211009129881859, 13, 0)
(3.131028652191162, -2.49691104888916, -4.567974090576172, -0.286865234375, -1.016357421875, -0.158447265625, 0.30642202496528625, 0.22018349170684814, 0.005504587199538946, 13, 0)
(3.2403993606567383, -2.500401496887207, -3.5021910667419434, -0.176025390625, -0.973876953125, -0.0947265625, 0.29266056418418884, 0.24220183491706848, -0.00917431153357029, 13, 0)
(3.111248731613159, -2.4270999431610107, -2.907633066177368, -0.062255859375, -0.907470703125, 0.14306640625, 0.2816513776779175, 0.26146790385246277, -0.035779815167188644, 13, 0)
(2.287477731704712, -2.147855520248413, -2.067572593688965, -0.062744140625, -1.03076171875, 0.15625, 0.27155962586402893, 0.27339449524879456, -0.059633027762174606, 13, 0)
(1.9407490491867065, -1.8744285106658936, -1.9523842334747314, 0.002685546875, -0.803466796875, 0.159912109375, 0.26788991689682007, 0.2825688123703003, -0.06788990646600723, 13, 0)
(1.15304696559906, -1.5788947343826294, -2.2374463081359863, 0.02734375, -0.83251953125, 0.2001953125, 0.25321102142333984, 0.2944954037666321, -0.08990825712680817, 13, 0)
(1.0343680381774902, -1.297323226928711, -2.4957475662231445, 0.048828125, -0.87109375, 0.173095703125, 0.24220183491706848, 0.30091744661331177, -0.09816513955593109, 13, 0)
(-2.209522008895874, -2.5446152687072754, -1.2298392057418823, 0.01953125, -1.0869140625, 0.179443359375, 0.23394495248794556, 0.30733945965766907, -0.10091742873191833, 13, 0)
(-3.1985127925872803, -2.8459665775299072, 0.8505321145057678, 0.0859375, -1.171630859375, 0.08251953125, 0.23577982187271118, 0.3036697208881378, -0.09633027762174606, 13, 0)
(-1.8499946594238281, -1.9419126510620117, 1.3869142532348633, 0.134521484375, -0.920654296875, -0.072998046875, 0.24495412409305573, 0.30000001192092896, -0.08807339519262314, 13, 0)
(0.4933319091796875, -0.8144630193710327, -0.8307523131370544, 0.327392578125, -0.726318359375, 0.074951171875, 0.24770642817020416, 0.30000001192092896, -0.08990825712680817, 13, 0)
(2.749394655227661, 0.4572628140449524, -2.930903434753418, 0.19775390625, -0.76806640625, -0.02490234375, 0.23486238718032837, 0.302752286195755, -0.09633027762174606, 13, 0)
(4.581936359405518, 1.2519460916519165, -4.396936893463135, 0.22314453125, -0.395751953125, 0.0703125, 0.22660550475120544, 0.3082568943500519, -0.10917431116104126, 13, 0)
(4.273603916168213, 1.0180788040161133, -5.851335048675537, 0.17822265625, -0.65185546875, 0.058349609375, 0.197247713804245, 0.32660549879074097, -0.12935779988765717, 13, 0)
(1.8499946594238281, -1.1995877027511597, -1.8406864404678345, 0.449951171875, -1.427978515625, 0.463134765625, 0.12660551071166992, 0.35045871138572693, -0.16146789491176605, 13, 0)
(0.8179535865783691, -1.3182666301727295, -0.26760929822921753, 0.618408203125, -0.9638671875, 0.36328125, 0.12110091745853424, 0.35137614607810974, -0.16697247326374054, 13, 0)
(0.15125742554664612, -1.1611915826797485, -0.011635186150670052, 0.5166015625, -0.7294921875, 0.1875, 0.12110091745853424, 0.3495412766933441, -0.1715596318244934, 13, 0)
(-0.008144630119204521, -1.8406864404678345, -1.2612541913986206, 0.417724609375, -0.7080078125, 0.141357421875, 0.11467889696359634, 0.35321101546287537, -0.17431192100048065, 13, 0)
(0.41770318150520325, -1.78251051902771, -2.6120994091033936, 0.521484375, -0.77490234375, 0.1220703125, 0.10091742873191833, 0.35688072443008423, -0.17522935569286346, 13, 0)
(0.6283000707626343, -1.6219450235366821, -3.040274143218994, 0.574462890625, -0.826904296875, 0.079345703125, 0.0917431190609932, 0.35688072443008423, -0.17889907956123352, 13, 0)
(-0.1849994659423828, -2.0582644939422607, -3.2892673015594482, 0.309326171875, -0.656005859375, 0.114990234375, 0.06697247922420502, 0.3559633195400238, -0.1844036728143692, 13, 0)
(-1.994270920753479, -2.9646453857421875, -2.2618801593780518, 0.64111328125, -0.371337890625, 0.28271484375, 0.05137614905834198, 0.3633027672767639, -0.17889907956123352, 13, 0)
(-0.05468537658452988, -1.2216945886611938, -3.3404619693756104, 1.316650390625, -1.268310546875, 0.609375, 0.038532111793756485, 0.36605504155158997, -0.17522935569286346, 13, 0)
(0.6585515737533569, -0.45260876417160034, -4.707596302032471, 1.249755859375, -0.9013671875, 0.442626953125, 0.027522936463356018, 0.3633027672767639, -0.17522935569286346, 13, 0)
(-0.39443281292915344, -0.031415004283189774, -2.989079475402832, 0.840576171875, 0.1015625, 0.611328125, 0.005504587199538946, 0.36422017216682434, -0.17614679038524628, 13, 0)
(-1.8104350566864014, -1.1065062284469604, -1.7068818807601929, 0.853271484375, -0.49853515625, 0.282470703125, -0.008256880566477776, 0.36422017216682434, -0.1715596318244934, 13, 0)
(-2.1955597400665283, -1.0785818099975586, -1.0622925758361816, 0.78369140625, -0.674072265625, 0.156982421875, -0.017431192100048065, 0.3678899109363556, -0.16330274939537048, 13, 0)
(-3.069362163543701, -0.6120107769966125, -0.6783313751220703, 0.857177734375, -0.439208984375, 0.134765625, -0.024770641699433327, 0.3697247803211212, -0.14587156474590302, 13, 0)
(-2.4759676456451416, -0.38512468338012695, -0.9319784045219421, 0.82763671875, -0.808349609375, 0.132080078125, -0.02568807452917099, 0.3669724762439728, -0.1311926543712616, 13, 0)
(-1.7685483694076538, -0.6794948577880859, -1.9884533882141113, 0.96728515625, -0.352783203125, 0.1162109375, -0.03669724613428116, 0.3688073456287384, -0.118348628282547, 13, 0)
(-2.2572262287139893, -0.2559741139411926, -2.529489517211914, 1.076171875, -0.46337890625, -0.00634765625, -0.05137614905834198, 0.36605504155158997, -0.10183486342430115, 13, 0)
(-2.2793331146240234, -0.10006260126829147, -2.7970988750457764, 1.027587890625, -0.558837890625, -0.048583984375, -0.05596330389380455, 0.3669724762439728, -0.10000000149011612, 13, 0)
(-2.2700247764587402, 0.23154020309448242, -3.4987006187438965, 0.91455078125, -0.495849609375, -0.056640625, -0.06697247922420502, 0.3614678978919983, -0.08807339519262314, 13, 0)
(-2.1327297687530518, 0.25713762640953064, -4.214264392852783, 0.937255859375, -0.491943359375, -0.068115234375, -0.09449541568756104, 0.35779815912246704, -0.07798165082931519, 13, 0)
(-1.87791907787323, 0.26993632316589355, -4.260805130004883, 0.940673828125, -0.41748046875, -0.03466796875, -0.11467889696359634, 0.3477064371109009, -0.06697247922420502, 13, 0)
(-1.8383594751358032, 0.18616297841072083, -3.968762159347534, 0.886962890625, -0.43798828125, -0.04736328125, -0.13577981293201447, 0.3431192636489868, -0.059633027762174606, 13, 0)
(-1.609146237373352, 0.0919179692864418, -3.561530590057373, 0.892578125, -0.21923828125, -0.056396484375, -0.15688073635101318, 0.3302752375602722, -0.05137614905834198, 13, 0)
(-1.592857003211975, -0.0802827849984169, -3.587127923965454, 0.87353515625, -0.202392578125, -0.0712890625, -0.16972477734088898, 0.3238532245159149, -0.04495412856340408, 13, 0)
(-1.7650578022003174, -0.2862255871295929, -3.6860270500183105, 0.886474609375, -0.140380859375, -0.045166015625, -0.1834862381219864, 0.31376147270202637, -0.04220183566212654, 13, 0)
(-1.9523842334747314, -0.4944954216480255, -3.6313416957855225, 0.938720703125, -0.16650390625, -0.02587890625, -0.20550459623336792, 0.30000001192092896, -0.029357798397541046, 13, 0)
(-1.9977614879608154, -0.7411613464355469, -3.4463422298431396, 0.7529296875, -0.126708984375, -0.058837890625, -0.2174311876296997, 0.2889908254146576, -0.017431192100048065, 13, 0)
(-1.887227177619934, -0.8470415472984314, -3.3718769550323486, 1.03564453125, 0.02001953125, -0.1181640625, -0.2311926633119583, 0.27798163890838623, -0.0073394495993852615, 13, 0)
(-1.9011894464492798, -0.9005634188652039, -3.4824113845825195, 0.938720703125, 0.03076171875, -0.141845703125, -0.23944954574108124, 0.2706421911716461, -0.004587155766785145, 13, 0)
(-1.7743659019470215, -1.15304696559906, -3.684863567352295, 1.09130859375, 0.08447265625, -0.138671875, -0.2577981650829315, 0.24678899347782135, 0.012844037264585495, 13, 0)
(-1.7464414834976196, -0.9540852904319763, -3.1950221061706543, 1.098388671875, 0.120361328125, -0.1220703125, -0.26605504751205444, 0.23486238718032837, 0.022018348798155785, 13, 0)
(-1.8104350566864014, -0.8284252882003784, -3.484738349914551, 1.032958984375, 0.193115234375, -0.097900390625, -0.27798163890838623, 0.21834862232208252, 0.031192660331726074, 13, 0)
(-1.8081079721450806, -0.8423874974250793, -4.140962600708008, 0.98828125, 0.259033203125, -0.112548828125, -0.29174312949180603, 0.19266055524349213, 0.04495412856340408, 13, 0)
(-1.7638942003250122, -0.8610038161277771, -4.5435404777526855, 0.9619140625, 0.219482421875, -0.129150390625, -0.2954128384590149, 0.18165138363838196, 0.05045871436595917, 13, 0)
(-1.6103098392486572, -0.8924188017845154, -4.507471084594727, 0.9736328125, 0.212158203125, -0.13671875, -0.3100917339324951, 0.1513761430978775, 0.059633027762174606, 13, 0)
(-1.42647385597229, -0.891255259513855, -4.1909942626953125, 0.923828125, 0.288818359375, -0.08447265625, -0.3238532245159149, 0.11926605552434921, 0.06972476840019226, 13, 0)
(-1.243801474571228, -0.8877646923065186, -3.908259153366089, 0.84033203125, 0.36865234375, -0.0859375, -0.3302752375602722, 0.09724770486354828, 0.07706422358751297, 13, 0)
(-1.069273591041565, -0.8761295080184937, -3.6278510093688965, 0.8427734375, 0.400146484375, -0.09423828125, -0.3339449465274811, 0.07522936165332794, 0.08440367132425308, 13, 0)
(-1.0169153213500977, -0.8679848909378052, -3.461467981338501, 0.8447265625, 0.496826171875, -0.126953125, -0.3339449465274811, 0.04678899049758911, 0.08990825712680817, 13, 0)
(-1.1623550653457642, -0.9354689717292786, -4.073478698730469, 0.705810546875, 0.60498046875, -0.110595703125, -0.33761468529701233, 0.026605505496263504, 0.09541284292936325, 13, 0)
(-1.3031408786773682, -1.0564749240875244, -4.426024913787842, 0.682373046875, 0.60498046875, -0.138427734375, -0.33761468529701233, -0.008256880566477776, 0.1055045872926712, 13, 0)
(-1.1681727170944214, -0.9680474996566772, -4.409735679626465, 0.77880859375, 0.620361328125, -0.0908203125, -0.33302751183509827, -0.02568807452917099, 0.10917431116104126, 13, 0)
(-1.0494937896728516, -0.7714128494262695, -4.421370983123779, 0.699951171875, 0.7041015625, -0.08251953125, -0.3275229334831238, -0.061467889696359634, 0.11284403502941132, 13, 0)
(-0.8493686318397522, -0.5003130435943604, -4.007158279418945, 0.71044921875, 0.718994140625, -0.087890625, -0.3229357898235321, -0.09724770486354828, 0.118348628282547, 13, 0)
(-0.710909903049469, -0.12216945737600327, -3.3276634216308594, 0.701904296875, 0.724853515625, -0.057373046875, -0.3165137767791748, -0.12293577939271927, 0.11926605552434921, 13, 0)
(-0.5375456213951111, 0.13031408190727234, -3.277631998062134, 0.5654296875, 0.806640625, -0.0537109375, -0.31192660331726074, -0.14311926066875458, 0.11651375889778137, 13, 0)
(-0.5561618804931641, 0.26644575595855713, -2.8645827770233154, 0.421142578125, 0.8115234375, -0.0673828125, -0.3082568943500519, -0.15688073635101318, 0.11467889696359634, 13, 0)
(-0.5701241493225098, 0.29087966680526733, -2.669111728668213, 0.40185546875, 0.804931640625, -0.022216796875, -0.29908257722854614, -0.17889907956123352, 0.11284403502941132, 13, 0)
(-0.5747781991958618, 0.3304392993450165, -2.636533260345459, 0.271240234375, 0.815673828125, -0.044189453125, -0.29266056418418884, -0.19541284441947937, 0.10917431116104126, 13, 0)
(-0.6457528471946716, 0.2071063220500946, -1.9907803535461426, 0.204833984375, 0.7373046875, 0.004150390625, -0.28715595602989197, -0.21192660927772522, 0.10642202198505402, 13, 0)
(-0.5142752528190613, 0.023270372301340103, -1.6021652221679688, 0.218505859375, 0.7626953125, 0.037841796875, -0.27889907360076904, -0.22110092639923096, 0.10366972535848618, 13, 0)
(-0.33625689148902893, -0.05468537658452988, -1.4404361248016357, 0.318603515625, 0.714599609375, 0.096923828125, -0.2752293646335602, -0.23211009800434113, 0.10000000149011612, 13, 0)
(0.09773556888103485, 0.23386724293231964, -1.7883281707763672, 0.3212890625, 0.7001953125, 0.10498046875, -0.27155962586402893, -0.23853211104869843, 0.10275229811668396, 13, 0)
(0.35021910071372986, 0.54685378074646, -2.028012990951538, 0.252685546875, 0.84814453125, 0.06201171875, -0.2697247862815857, -0.24220183491706848, 0.10183486342430115, 13, 0)
(0.3188041150569916, 1.1111602783203125, -2.4922568798065186, 0.18994140625, 0.9130859375, -0.0361328125, -0.26513761281967163, -0.2513761520385742, 0.09816513955593109, 13, 0)
(0.6538974642753601, 1.3741154670715332, -2.8750545978546143, 0.083740234375, 0.878662109375, -0.087646484375, -0.26146790385246277, -0.26146790385246277, 0.09266055375337601, 13, 0)
(1.1286131143569946, 1.459052324295044, -3.014676809310913, 0.0361328125, 0.949462890625, -0.127197265625, -0.25229358673095703, -0.27339449524879456, 0.09082569181919098, 13, 0)
(0.9098715782165527, 0.22572261095046997, -3.0367836952209473, -0.33349609375, 1.2763671875, -0.450927734375, -0.24128440022468567, -0.2834862470626831, 0.09266055375337601, 13, 0)
(0.8121359944343567, -1.528863549232483, -2.7773189544677734, -0.509033203125, 1.01318359375, -0.26318359375, -0.23211009800434113, -0.2899082601070404, 0.09633027762174606, 13, 0)
(0.9575758576393127, -2.0198683738708496, -1.5149012804031372, 0.118896484375, 0.920654296875, -0.107421875, -0.2100917398929596, -0.2972477078437805, 0.10917431116104126, 13, 0)
(0.9750286340713501, -1.5521339178085327, -0.6492434144020081, 0.068115234375, 1.010986328125, -0.067626953125, -0.20642201602458954, -0.29908257722854614, 0.12201835215091705, 13, 0)
(0.8970728516578674, -0.9133621454238892, -0.48518726229667664, 0.011474609375, 1.00048828125, -0.11328125, -0.19908256828784943, -0.2963302731513977, 0.12752293050289154, 13, 0)
(0.5736147165298462, -0.6806584000587463, -0.5910674929618835, 0.065185546875, 1.0439453125, -0.123291015625, -0.197247713804245, -0.2954128384590149, 0.13302752375602722, 13, 0)
(0.09889908134937286, -0.37232595682144165, -1.0157517194747925, 0.07666015625, 0.944091796875, -0.13720703125, -0.1899082511663437, -0.30091744661331177, 0.13669724762439728, 13, 0)
(-0.068647600710392, -0.2873890995979309, -1.0262234210968018, 0.1083984375, 0.982177734375, -0.1376953125, -0.18807339668273926, -0.29908257722854614, 0.13577981293201447, 13, 0)
(-0.2548105716705322, 0.005817593075335026, -1.6475423574447632, 0.200439453125, 1.082763671875, -0.09326171875, -0.17981651425361633, -0.30550459027290344, 0.1376146823167801, 13, 0)
(-0.3339298367500305, 0.5689606070518494, -2.613262891769409, 0.11376953125, 1.054443359375, -0.1279296875, -0.1715596318244934, -0.3146789073944092, 0.13394495844841003, 13, 0)
(-0.5480172634124756, 0.9703745245933533, -3.0588905811309814, -0.021484375, 1.0048828125, -0.124267578125, -0.16605505347251892, -0.3220183551311493, 0.1311926543712616, 13, 0)
(-0.5747781991958618, 1.355499267578125, -3.118229866027832, -0.05712890625, 0.939697265625, -0.1083984375, -0.157798171043396, -0.33119267225265503, 0.12844036519527435, 13, 0)
(-0.8575132489204407, 1.2042417526245117, -2.458514928817749, -0.3310546875, 0.878173828125, -0.1328125, -0.1440366953611374, -0.342201828956604, 0.12110091745853424, 13, 0)
(-0.660878598690033, 1.002953052520752, -1.770875334739685, -0.23681640625, 0.89501953125, -0.087646484375, -0.13944953680038452, -0.34678900241851807, 0.11009174585342407, 13, 0)
(-0.774903416633606, 0.5759417414665222, -1.5346810817718506, -0.079345703125, 0.82861328125, 0.019287109375, -0.1311926543712616, -0.3541284501552582, 0.10366972535848618, 13, 0)
(-0.7958467602729797, 0.9610664248466492, -2.1001510620117188, -0.18115234375, 0.96435546875, -0.08251953125, -0.12293577939271927, -0.35963302850723267, 0.0990825667977333, 13, 0)
(-0.9599028825759888, 1.132103681564331, -2.68540096282959, -0.22314453125, 1.084228515625, -0.1416015625, -0.11651375889778137, -0.3678899109363556, 0.0917431190609932, 13, 0)
(-0.7144004702568054, 1.6777938604354858, -3.552222490310669, -0.19287109375, 0.96923828125, -0.05517578125, -0.0990825667977333, -0.37798166275024414, 0.08440367132425308, 13, 0)
(-0.37116244435310364, 2.011723756790161, -4.488854885101318, -0.3173828125, 0.740234375, -0.103759765625, -0.08440367132425308, -0.38532111048698425, 0.07706422358751297, 13, 0)
(0.10238964110612869, 1.8837367296218872, -5.425487518310547, -0.477783203125, 0.859130859375, -0.10888671875, -0.05871559679508209, -0.39082568883895874, 0.07431192696094513, 13, 0)
(-0.7644317746162415, 1.8337054252624512, -6.294635772705078, -0.450439453125, 0.98193359375, -0.05517578125, -0.02568807452917099, -0.39908257126808167, 0.06972476840019226, 13, 0)
(-3.0204944610595703, 2.44804310798645, -7.31038761138916, 0.02783203125, 0.862060546875, -0.015625, 0.008256880566477776, -0.40458714962005615, 0.05596330389380455, 13, 0)
(-2.691218614578247, 3.720932722091675, -8.762458801269531, -0.773193359375, 0.367431640625, -0.24267578125, 0.04403669759631157, -0.4091743230819702, 0.039449542760849, 13, 0)
(-2.4119741916656494, 3.0775067806243896, -8.336610794067383, -1.208251953125, 0.495361328125, -0.300048828125, 0.06880734115839005, -0.4073394536972046, 0.03211009129881859, 13, 0)
(-3.441688060760498, 0.9005634188652039, -4.606370449066162, -1.404541015625, 0.67626953125, -0.4990234375, 0.09724770486354828, -0.40458714962005615, 0.02110091783106327, 13, 0)
(-3.4498326778411865, 0.5375456213951111, -0.6771678328514099, -0.75244140625, 0.04443359375, -0.263427734375, 0.10825688391923904, -0.4091743230819702, -0.0009174311999231577, 13, 0)
(-1.064619541168213, 2.031503438949585, 0.5701241493225098, -0.895751953125, -0.0380859375, -0.030517578125, 0.1055045872926712, -0.4128440320491791, -0.00917431153357029, 13, 0)
(1.6172908544540405, 2.2560627460479736, 0.27342689037323, -1.029052734375, 0.137451171875, -0.22265625, 0.0990825667977333, -0.41100919246673584, -0.005504587199538946, 13, 0)
(2.0210318565368652, 1.998924970626831, 0.4235207736492157, -1.048583984375, 0.557861328125, -0.220703125, 0.08990825712680817, -0.40458714962005615, 0.011009174399077892, 13, 0)
(1.1728267669677734, 1.0960345268249512, 0.28273501992225647, -0.95068359375, 0.91015625, -0.543212890625, 0.08440367132425308, -0.40366971492767334, 0.022018348798155785, 13, 0)
(0.4118855893611908, 0.3432379961013794, -0.8668214082717896, -0.85693359375, 0.782958984375, -0.293701171875, 0.08165137469768524, -0.4009174406528473, 0.02568807452917099, 13, 0)
(-0.055848896503448486, 0.032578520476818085, -1.0611289739608765, -0.79833984375, 0.58056640625, -0.288818359375, 0.0917431190609932, -0.4018348753452301, 0.0229357797652483, 13, 0)
(-0.10937075316905975, -0.17801834642887115, -1.1763173341751099, -0.868408203125, 0.4970703125, -0.226806640625, 0.09449541568756104, -0.4000000059604645, 0.02110091783106327, 13, 0)
(-0.17569132149219513, -0.20477928221225739, -1.1763173341751099, -0.820556640625, 0.40625, -0.1318359375, 0.10275229811668396, -0.4009174406528473, 0.020183486863970757, 13, 0)
(0.3432379961013794, 0.22339558601379395, -0.9075445532798767, -0.856689453125, 0.444091796875, -0.008056640625, 0.10825688391923904, -0.4018348753452301, 0.022018348798155785, 13, 0)
(2.1141133308410645, 0.8074819445610046, -1.4392725229263306, -1.1513671875, 0.383056640625, -0.301513671875, 0.11559633165597916, -0.3963302671909332, 0.027522936463356018, 13, 0)
(1.3776060342788696, 0.6562244892120361, -1.4485807418823242, -1.29248046875, 0.489013671875, -0.368408203125, 0.12018349021673203, -0.3889908194541931, 0.039449542760849, 13, 0)
(-0.3350933790206909, -0.043050188571214676, -0.9680474996566772, -1.090576171875, 0.519287109375, -0.2646484375, 0.1256880760192871, -0.3880733847618103, 0.043119266629219055, 13, 0)
(-1.0704371929168701, -0.38279762864112854, -0.49914950132369995, -0.89892578125, 0.540771484375, -0.141357421875, 0.13027523458003998, -0.3889908194541931, 0.04036697372794151, 13, 0)
(-1.711535930633545, -0.5294010043144226, -0.28389856219291687, -0.900390625, 0.554443359375, -0.25048828125, 0.13394495844841003, -0.39449542760849, 0.027522936463356018, 13, 0)
(-2.13854718208313, -0.9680474996566772, -0.025597410276532173, -0.96435546875, 0.505859375, -0.257568359375, 0.1376146823167801, -0.39449542760849, 0.01651376113295555, 13, 0)
(-2.31889271736145, -1.1414117813110352, -0.7144004702568054, -0.947998046875, 0.46875, -0.123046875, 0.14036697149276733, -0.4018348753452301, 0.0009174311999231577, 13, 0)
(-2.286314010620117, -1.1751538515090942, -1.4032034873962402, -0.9931640625, 0.381591796875, -0.06982421875, 0.14862385392189026, -0.40366971492767334, -0.011926605366170406, 13, 0)
(-1.9977614879608154, -1.1158143281936646, -1.4986120462417603, -0.975341796875, 0.31640625, -0.077392578125, 0.15871559083461761, -0.4064220190048218, -0.024770641699433327, 13, 0)
(-1.6370707750320435, -1.0297139883041382, -0.45028170943260193, -0.935546875, 0.403076171875, -0.07666015625, 0.1715596318244934, -0.4064220190048218, -0.04128440469503403, 13, 0)
(-1.816252589225769, -0.7655952572822571, -0.3758165240287781, -0.90380859375, 0.67822265625, -0.09228515625, 0.1715596318244934, -0.410091757774353, -0.052293580025434494, 13, 0)
(-2.0629186630249023, -0.663205623626709, -1.6021652221679688, -0.91748046875, 0.623779296875, -0.09130859375, 0.1779816597700119, -0.40550458431243896, -0.06513761729001999, 13, 0)
(-2.0745537281036377, -0.6027026772499084, -2.4049930572509766, -0.95849609375, 0.560546875, -0.07763671875, 0.18715596199035645, -0.4027523100376129, -0.07522936165332794, 13, 0)
(-1.8104350566864014, -0.25830113887786865, -2.998387575149536, -0.97314453125, 0.36865234375, -0.078857421875, 0.20825688540935516, -0.39449542760849, -0.09082569181919098, 13, 0)
(-1.5975110530853271, 0.16754668951034546, -3.416090726852417, -0.907470703125, 0.281005859375, -0.119384765625, 0.22752293944358826, -0.38623854517936707, -0.09816513955593109, 13, 0)
(-1.5021026134490967, 0.49682244658470154, -3.6697378158569336, -0.90380859375, 0.269287109375, -0.01171875, 0.24220183491706848, -0.37706422805786133, -0.10366972535848618, 13, 0)
(-1.0727641582489014, 1.123958945274353, -4.26894998550415, -0.92919921875, 0.251220703125, -0.069580078125, 0.26513761281967163, -0.35871559381484985, -0.10733944922685623, 13, 0)
(-1.5777312517166138, 1.6789573431015015, -5.120645523071289, -0.78564453125, 0.287353515625, -0.09619140625, 0.2844036817550659, -0.3431192636489868, -0.10733944922685623, 13, 0)
(-2.30609393119812, 1.9314409494400024, -5.11017370223999, -1.01416015625, 0.2158203125, -0.24365234375, 0.31284403800964355, -0.3146789073944092, -0.1055045872926712, 13, 0)
(-2.3305277824401855, 1.9419126510620117, -4.843728065490723, -0.814697265625, 0.015625, -0.34130859375, 0.33119267225265503, -0.2944954037666321, -0.11100917309522629, 13, 0)
(-2.244427442550659, 1.8918813467025757, -5.191620349884033, -0.84814453125, -0.07080078125, -0.37158203125, 0.35137614607810974, -0.2642201781272888, -0.1055045872926712, 13, 0)
(-1.9046800136566162, 1.732479214668274, -5.257940769195557, -0.7900390625, -0.11865234375, -0.16162109375, 0.3688073456287384, -0.24036698043346405, -0.10366972535848618, 13, 0)
(-0.5352185964584351, 2.2956223487854004, -4.563320159912109, -0.704345703125, -0.4306640625, -0.222412109375, 0.38440367579460144, -0.2100917398929596, -0.09449541568756104, 13, 0)
(0.46657097339630127, 2.358452320098877, -4.5691375732421875, -0.85107421875, -0.441162109375, -0.201904296875, 0.39082568883895874, -0.18807339668273926, -0.08623853325843811, 13, 0)
(1.1786444187164307, 2.089679479598999, -5.097375392913818, -0.931640625, -0.469482421875, -0.23486328125, 0.3963302671909332, -0.16238532960414886, -0.07064220309257507, 13, 0)
(1.1274495124816895, 2.3235466480255127, -5.712876319885254, -1.029052734375, -0.44580078125, -0.354736328125, 0.4082568883895874, -0.12201835215091705, -0.055045872926712036, 13, 0)
(0.708582878112793, 2.3398358821868896, -5.66749906539917, -0.9140625, -0.513427734375, -0.47802734375, 0.4128440320491791, -0.07981651276350021, -0.039449542760849, 13, 0)
(0.9319784045219421, 2.387540340423584, -4.991495132446289, -0.883056640625, -0.526611328125, -0.505859375, 0.41100919246673584, -0.06422018259763718, -0.029357798397541046, 13, 0)
(1.4625428915023804, 2.7377593517303467, -4.242188930511475, -0.796630859375, -0.54541015625, -0.439208984375, 0.4082568883895874, -0.028440367430448532, -0.010091743431985378, 13, 0)
(1.6487059593200684, 2.9576644897460938, -4.628477096557617, -0.697509765625, -0.5263671875, -0.439453125, 0.40366971492767334, -0.005504587199538946, 0.0009174311999231577, 13, 0)
(1.939585566520691, 2.959991455078125, -5.211400032043457, -0.630126953125, -0.591064453125, -0.4267578125, 0.4000000059604645, 0.014678899198770523, 0.010091743431985378, 13, 0)
(2.0722267627716064, 2.9169411659240723, -5.839700222015381, -0.5361328125, -0.694091796875, -0.43017578125, 0.3899082541465759, 0.0458715595304966, 0.026605505496263504, 13, 0)
(2.1560001373291016, 3.0740163326263428, -6.110799789428711, -0.6083984375, -0.784423828125, -0.522705078125, 0.3761467933654785, 0.08256880939006805, 0.038532111793756485, 13, 0)
(2.4864392280578613, 3.3893299102783203, -4.782061576843262, -0.619873046875, -0.92138671875, -0.51318359375, 0.35229358077049255, 0.12201835215091705, 0.05045871436595917, 13, 0)
(2.7668473720550537, 3.8477561473846436, -3.7639827728271484, -0.506103515625, -0.804931640625, -0.47802734375, 0.3339449465274811, 0.14678898453712463, 0.06055045872926712, 13, 0)
(2.449206829071045, 4.085114002227783, -3.001878023147583, -0.324462890625, -0.4638671875, -0.32177734375, 0.3091743290424347, 0.17614679038524628, 0.07339449226856232, 13, 0)
(2.8087339401245117, 4.0292649269104, -3.1391732692718506, 0.02197265625, -0.8134765625, -0.352294921875, 0.2908256947994232, 0.1899082511663437, 0.08165137469768524, 13, 0)
(4.182849407196045, 4.086277484893799, -3.027475595474243, 0.108154296875, -0.93115234375, -0.34521484375, 0.2623853087425232, 0.21926605701446533, 0.08807339519262314, 13, 0)
(6.06193208694458, 3.7348947525024414, -3.6115617752075195, 0.056884765625, -0.940185546875, -0.28662109375, 0.2311926633119583, 0.2513761520385742, 0.07614678889513016, 13, 0)
(7.941014766693115, 3.3241727352142334, -3.599926710128784, 0.024169921875, -0.955078125, -0.212646484375, 0.20917432010173798, 0.27798163890838623, 0.06238532066345215, 13, 0)
(8.328466415405273, 2.7773189544677734, -3.635995626449585, 0.12109375, -0.623046875, -0.03466796875, 0.18532110750675201, 0.30642202496528625, 0.035779815167188644, 13, 0)
(9.005634307861328, 1.9593653678894043, -2.8378219604492188, -0.17626953125, -0.9091796875, 0.33544921875, 0.1642201840877533, 0.3293578028678894, 0.002752293599769473, 13, 0)
(9.628116607666016, -0.29204317927360535, -3.01816725730896, 0.386962890625, -0.485107421875, 0.119140625, 0.15504586696624756, 0.34036698937416077, -0.027522936463356018, 13, 0)
(7.695512294769287, -1.4613794088363647, -2.620244026184082, 0.135498046875, -0.54736328125, 0.453369140625, 0.13669724762439728, 0.35779815912246704, -0.08256880939006805, 13, 0)
(7.223123550415039, -2.6877281665802, -1.7348062992095947, 0.325439453125, -0.550537109375, 0.58740234375, 0.12385321408510208, 0.35871559381484985, -0.13027523458003998, 13, 0)
(6.671616077423096, -3.6010901927948, -1.7941457033157349, 0.546630859375, -0.447509765625, 0.54443359375, 0.11651375889778137, 0.35779815912246704, -0.157798171043396, 13, 0)
(-2.7970988750457764, -4.621496200561523, -1.0564749240875244, 0.823486328125, -0.681884765625, 0.70556640625, 0.10825688391923904, 0.355045884847641, -0.18256880342960358, 13, 0)
(-2.6923820972442627, -2.345653533935547, 1.0052801370620728, 0.57275390625, -1.1953125, 1.427734375, 0.10091742873191833, 0.35688072443008423, -0.16238532960414886, 13, 0)
(-0.20128872990608215, -0.5049670934677124, 1.5532974004745483, 0.800048828125, -0.849365234375, 0.866455078125, 0.10917431116104126, 0.35688072443008423, -0.157798171043396, 13, 0)
(-0.5456902384757996, 0.23154020309448242, -0.6306270956993103, 0.584228515625, -0.607177734375, 0.634765625, 0.1119266077876091, 0.355045884847641, -0.15596330165863037, 13, 0)
(-1.160028100013733, -0.15823853015899658, -1.704554796218872, 0.156982421875, -0.564208984375, 0.38916015625, 0.11009174585342407, 0.35779815912246704, -0.15321101248264313, 13, 0)
(-0.3990868926048279, 0.025597410276532173, 0.005817593075335026, 0.52587890625, -0.907470703125, 0.51708984375, 0.10183486342430115, 0.35963302850723267, -0.14862385392189026, 13, 0)
(-0.6713502407073975, 0.646916389465332, -0.6213189363479614, 0.469970703125, -0.868408203125, 0.38525390625, 0.10458716005086899, 0.36422017216682434, -0.14311926066875458, 13, 0)
(-0.27808094024658203, 0.28389856219291687, -1.9081705808639526, 0.3974609375, -0.710205078125, 0.23388671875, 0.09724770486354828, 0.3614678978919983, -0.14036697149276733, 13, 0)
(0.029087966307997704, -0.18616297841072083, -2.2234840393066406, 0.4384765625, -0.691650390625, 0.29296875, 0.08715596050024033, 0.36605504155158997, -0.14311926066875458, 13, 0)
(0.17452779412269592, -0.5270739197731018, -2.510873317718506, 0.608642578125, -0.53466796875, 0.31103515625, 0.08256880939006805, 0.3697247803211212, -0.14036697149276733, 13, 0)
(-2.9972240924835205, -0.8947458267211914, -3.7698004245758057, 0.7177734375, -0.0966796875, 0.27099609375, 0.06697247922420502, 0.37064221501350403, -0.13577981293201447, 13, 0)
(-6.032844066619873, -0.9331419467926025, -3.9862148761749268, 0.85498046875, 0.092041015625, 0.611328125, 0.043119266629219055, 0.37706422805786133, -0.10366972535848618, 13, 0)
(-7.355764865875244, -1.409021019935608, -3.6092348098754883, 0.85986328125, -0.42724609375, 0.56884765625, 0.019266055896878242, 0.3752293586730957, -0.059633027762174606, 13, 0)
(-7.52447509765625, -1.1262860298156738, -4.762281894683838, 1.000732421875, -1.23876953125, -0.063232421875, 0.005504587199538946, 0.37155964970588684, -0.017431192100048065, 13, 0)
(-5.392909049987793, -0.0034905560314655304, -6.175956726074219, 1.43115234375, -1.3662109375, -0.388671875, -0.017431192100048065, 0.3633027672767639, 0.015596330165863037, 13, 0)
(-4.014139175415039, 1.6056556701660156, -5.968850612640381, 0.68359375, -1.032958984375, -0.37548828125, -0.05412844195961952, 0.34678900241851807, 0.04128440469503403, 13, 0)
(-1.0006260871887207, 1.5137377977371216, -3.4719395637512207, 0.542236328125, -1.166748046875, -0.181884765625, -0.078899085521698, 0.34036698937416077, 0.04954128339886665, 13, 0)
(0.5724511742591858, 1.2019147872924805, -3.215965509414673, 0.67724609375, -0.978759765625, -0.063232421875, -0.09633027762174606, 0.34036698937416077, 0.05412844195961952, 13, 0)
(0.07213815301656723, 0.5759417414665222, -3.8384480476379395, 0.914794921875, -0.593017578125, 0.109619140625, -0.12018349021673203, 0.3348623812198639, 0.04954128339886665, 13, 0)
(-0.4560993015766144, 0.389778733253479, -4.391119480133057, 0.92919921875, -0.428955078125, 0.161865234375, -0.14587156474590302, 0.3275229334831238, 0.05045871436595917, 13, 0)
(-0.4456276297569275, 0.5759417414665222, -4.1095476150512695, 0.92236328125, -0.34912109375, 0.2119140625, -0.16330274939537048, 0.3211009204387665, 0.04862385243177414, 13, 0)
(0.034905560314655304, 0.6492434144020081, -4.558666229248047, 0.916259765625, -0.356689453125, 0.162109375, -0.18256880342960358, 0.3100917339324951, 0.05137614905834198, 13, 0)
(0.2978607714176178, 0.46191689372062683, -5.159041404724121, 0.861572265625, -0.25341796875, 0.14208984375, -0.21376146376132965, 0.2944954037666321, 0.04678899049758911, 13, 0)
(0.41653966903686523, 0.21990501880645752, -5.341713905334473, 0.874755859375, -0.2255859375, 0.175537109375, -0.2376146763563156, 0.27798163890838623, 0.0458715595304966, 13, 0)
(0.7260356545448303, 0.1035531610250473, -5.403380393981934, 0.942138671875, -0.25439453125, 0.2470703125, -0.25963303446769714, 0.2642201781272888, 0.04403669759631157, 13, 0)
(1.33106529712677, 0.15125742554664612, -5.243978500366211, 1.0146484375, -0.141357421875, 0.207763671875, -0.28715595602989197, 0.24036698043346405, 0.039449542760849, 13, 0)
(1.866283893585205, 0.38396114110946655, -5.283538341522217, 0.985595703125, -0.01806640625, 0.2275390625, -0.3091743290424347, 0.21192660927772522, 0.03027522936463356, 13, 0)
(2.235119342803955, 0.4014139175415039, -5.502279758453369, 0.88330078125, 0.1181640625, 0.192138671875, -0.3293578028678894, 0.19174312055110931, 0.02568807452917099, 13, 0)
(2.2374463081359863, 0.3804706037044525, -5.475518703460693, 0.7880859375, 0.16064453125, 0.16748046875, -0.34495413303375244, 0.16788990795612335, 0.014678899198770523, 13, 0)
(1.8767555952072144, 0.2071063220500946, -5.133444309234619, 0.809814453125, 0.21630859375, 0.162109375, -0.3633027672767639, 0.13669724762439728, 0.010091743431985378, 13, 0)
(1.6114733219146729, 0.11053427308797836, -4.566810607910156, 0.87744140625, 0.246826171875, 0.1904296875, -0.37064221501350403, 0.1119266077876091, 0.005504587199538946, 13, 0)
(1.5253729820251465, 0.06166648864746094, -3.9454917907714844, 0.860107421875, 0.34814453125, 0.19677734375, -0.3798165023326874, 0.08440367132425308, -0.0018348623998463154, 13, 0)
(1.4753416776657104, 0.12100593745708466, -3.4789206981658936, 0.773193359375, 0.43212890625, 0.18310546875, -0.38532111048698425, 0.06697247922420502, 0.0009174311999231577, 13, 0)
(1.4160021543502808, 0.23270373046398163, -2.88901686668396, 0.754638671875, 0.480224609375, 0.150634765625, -0.39174312353134155, 0.043119266629219055, -0.005504587199538946, 13, 0)
(1.0518208742141724, 0.2606281638145447, -2.338672399520874, 0.694091796875, 0.515625, 0.1298828125, -0.39174312353134155, 0.03027522936463356, -0.0073394495993852615, 13, 0)
(0.9982990026473999, -0.38396114110946655, -2.176943302154541, 0.85400390625, 0.563720703125, 0.137451171875, -0.3889908194541931, 0.011926605366170406, -0.008256880566477776, 13, 0)
(0.877293050289154, -0.3106594681739807, -2.215339422225952, 0.783203125, 0.572021484375, 0.16455078125, -0.3899082541465759, 0.004587155766785145, -0.004587155766785145, 13, 0)
(1.0960345268249512, -0.010471668094396591, -2.229301691055298, 0.787841796875, 0.541015625, 0.08203125, -0.3871559798717499, -0.012844037264585495, -0.004587155766785145, 13, 0)
(1.2984868288040161, -0.018616298213601112, -2.2956223487854004, 0.534912109375, 0.69775390625, 0.009765625, -0.38532111048698425, -0.028440367430448532, -0.0036697247996926308, 13, 0)
(1.1227954626083374, -0.2617917060852051, -2.407320022583008, 0.547607421875, 0.6904296875, 0.04736328125, -0.381651371717453, -0.04128440469503403, -0.005504587199538946, 13, 0)
(0.4572628140449524, -1.5765677690505981, -2.8878531455993652, 0.491455078125, 1.251220703125, -0.3583984375, -0.37798166275024414, -0.05871559679508209, 0.0009174311999231577, 13, 0)
(0.4246843159198761, -1.633580207824707, -3.559203624725342, 0.426513671875, 0.884521484375, -0.0771484375, -0.3743119239807129, -0.07706422358751297, 0.010091743431985378, 13, 0)
(0.5701241493225098, -1.5870394706726074, -3.483574867248535, 0.521484375, 0.7998046875, -0.072265625, -0.37155964970588684, -0.0853210985660553, 0.015596330165863037, 13, 0)
(0.9703745245933533, -1.5253729820251465, -3.292757749557495, 0.486572265625, 0.74072265625, -0.04052734375, -0.36422017216682434, -0.10825688391923904, 0.027522936463356018, 13, 0)
(1.0250599384307861, -1.5102472305297852, -3.3148646354675293, 0.38916015625, 0.885009765625, -0.049560546875, -0.3477064371109009, -0.1311926543712616, 0.04220183566212654, 13, 0)
(0.9959719777107239, -1.4741780757904053, -3.338135004043579, 0.38623046875, 0.89501953125, -0.06494140625, -0.3477064371109009, -0.14036697149276733, 0.047706421464681625, 13, 0)
(0.6294636130332947, -1.0506572723388672, -3.2403993606567383, 0.35205078125, 0.9140625, -0.08251953125, -0.33302751183509827, -0.16330274939537048, 0.05871559679508209, 13, 0)
(0.5701241493225098, -0.8202806115150452, -3.1694247722625732, 0.27783203125, 0.900146484375, -0.1298828125, -0.3229357898235321, -0.18165138363838196, 0.06330275535583496, 13, 0)
(0.727199137210846, -0.6794948577880859, -2.6667847633361816, 0.16796875, 0.875732421875, -0.18408203125, -0.31376147270202637, -0.1908256858587265, 0.06697247922420502, 13, 0)
(0.829588770866394, -0.6597150564193726, -2.3724145889282227, 0.123779296875, 0.84033203125, -0.1884765625, -0.31100916862487793, -0.1981651335954666, 0.07431192696094513, 13, 0)
(1.1344306468963623, -0.6783313751220703, -2.2071948051452637, 0.12890625, 0.812255859375, -0.177490234375, -0.30000001192092896, -0.2100917398929596, 0.07798165082931519, 13, 0)
(1.5742406845092773, -0.8202806115150452, -2.335181951522827, 0.16650390625, 0.865966796875, -0.18115234375, -0.2972477078437805, -0.21284404397010803, 0.08073394745588303, 13, 0)
(1.595184087753296, -0.6387717127799988, -1.856975793838501, 0.392822265625, 1.214599609375, -0.287109375, -0.28623852133750916, -0.21834862232208252, 0.09266055375337601, 13, 0)
(1.231002688407898, -0.32927578687667847, -1.9814722537994385, 0.32177734375, 1.043701171875, -0.23095703125, -0.27431192994117737, -0.2238532155752182, 0.0990825667977333, 13, 0)
(0.9692110419273376, 0.43166542053222656, -2.8448030948638916, 0.203369140625, 0.86669921875, -0.08203125, -0.2697247862815857, -0.2311926633119583, 0.10458716005086899, 13, 0)
(0.8470415472984314, 0.1733642816543579, -2.3898673057556152, -0.156494140625, 1.064697265625, -0.317626953125, -0.2568807303905487, -0.24128440022468567, 0.10642202198505402, 13, 0)
(0.8819471001625061, -0.1279870569705963, -1.911661148071289, -0.05029296875, 0.746337890625, -0.23046875, -0.2513761520385742, -0.24862384796142578, 0.1055045872926712, 13, 0)
(1.549806833267212, -0.5305644869804382, -1.3904048204421997, -0.227783203125, 0.878662109375, -0.166015625, -0.2440367043018341, -0.25412845611572266, 0.11284403502941132, 13, 0)
(1.0925439596176147, -0.7993373274803162, -1.15304696559906, -0.09228515625, 1.09130859375, -0.32080078125, -0.23944954574108124, -0.2513761520385742, 0.118348628282547, 13, 0)
(0.7341802716255188, -0.8505321145057678, -1.0436762571334839, -0.104736328125, 1.037841796875, -0.3330078125, -0.23302751779556274, -0.25412845611572266, 0.12293577939271927, 13, 0)
(0.21176038682460785, -0.9831732511520386, -1.69990074634552, -0.095458984375, 1.04638671875, -0.33154296875, -0.22844037413597107, -0.25963303446769714, 0.12844036519527435, 13, 0)
(-0.40606799721717834, -0.8935823440551758, -2.749394655227661, -0.12646484375, 1.04296875, -0.3291015625, -0.21376146376132965, -0.2706421911716461, 0.1311926543712616, 13, 0)
(-0.7679222822189331, -0.7690858244895935, -3.0623810291290283, -0.142333984375, 0.9208984375, -0.28076171875, -0.19908256828784943, -0.2825688123703003, 0.1321100890636444, 13, 0)
(-0.8854376673698425, -0.5747781991958618, -2.953010320663452, -0.054931640625, 0.933349609375, -0.34765625, -0.18165138363838196, -0.29908257722854614, 0.1311926543712616, 13, 0)
(-0.42817485332489014, -0.5608159899711609, -1.982635736465454, -0.2333984375, 0.659423828125, -0.223388671875, -0.16605505347251892, -0.31192660331726074, 0.1256880760192871, 13, 0)
(0.10937075316905975, -0.8132995367050171, -1.1565375328063965, -0.448974609375, 0.615966796875, -0.286376953125, -0.16238532960414886, -0.3165137767791748, 0.1311926543712616, 13, 0)
(0.6725137829780579, -1.3345558643341064, -0.5352185964584351, -0.567138671875, 0.5791015625, -0.22802734375, -0.15688073635101318, -0.31834861636161804, 0.1311926543712616, 13, 0)
(1.4113481044769287, -1.8976988792419434, -0.20943336188793182, -0.4580078125, 0.5654296875, -0.203125, -0.15504586696624756, -0.3146789073944092, 0.13486239314079285, 13, 0)
(2.0128872394561768, -1.8476675748825073, -0.2850620746612549, -0.06787109375, 0.88330078125, -0.42626953125, -0.14587156474590302, -0.3091743290424347, 0.15229357779026031, 13, 0)
(1.4008764028549194, -0.3560366928577423, -0.9017269611358643, -0.019775390625, 1.1005859375, -0.390380859375, -0.14036697149276733, -0.3018348515033722, 0.16055046021938324, 13, 0)
(0.2501565217971802, 0.2536470592021942, -1.6219450235366821, -0.534912109375, 0.947265625, -0.410888671875, -0.13577981293201447, -0.302752286195755, 0.16605505347251892, 13, 0)
(0.20128872990608215, 0.21292391419410706, -0.3444015085697174, -0.356689453125, 0.9208984375, -0.458740234375, -0.1321100890636444, -0.30458715558052063, 0.1642201840877533, 13, 0)
(0.2420118749141693, -0.052358340471982956, 0.2280496507883072, -0.19091796875, 0.76953125, -0.3759765625, -0.13577981293201447, -0.3018348515033722, 0.1642201840877533, 13, 0)
(0.5852499008178711, -0.17569132149219513, 0.1733642816543579, -0.385009765625, 0.902587890625, -0.416748046875, -0.13669724762439728, -0.30091744661331177, 0.16972477734088898, 13, 0)
(0.7260356545448303, -0.138458713889122, -0.07795574516057968, -0.201171875, 0.90771484375, -0.54150390625, -0.13669724762439728, -0.30000001192092896, 0.16972477734088898, 13, 0)
(0.5259104371070862, 0.1710372418165207, -0.5119482278823853, -0.188720703125, 1.017333984375, -0.43310546875, -0.13669724762439728, -0.29908257722854614, 0.17614679038524628, 13, 0)
(0.323458194732666, 0.19779816269874573, -0.7388343214988708, -0.27294921875, 0.9755859375, -0.386962890625, -0.13394495844841003, -0.2963302731513977, 0.17522935569286346, 13, 0)
(0.09540852904319763, 0.06050296872854233, -0.5224198698997498, -0.423828125, 0.95947265625, -0.37353515625, -0.1321100890636444, -0.2972477078437805, 0.17522935569286346, 13, 0)
(0.09889908134937286, -0.10471668094396591, -0.2990242838859558, -0.426025390625, 0.91162109375, -0.368896484375, -0.13486239314079285, -0.2954128384590149, 0.17431192100048065, 13, 0)
(-0.1268235296010971, 0.11053427308797836, -0.3001877963542938, -0.25830078125, 0.9375, -0.36669921875, -0.12935779988765717, -0.29816514253616333, 0.17522935569286346, 13, 0)
(-0.7690858244895935, 0.36301782727241516, -0.6562244892120361, -0.305908203125, 1.077880859375, -0.381103515625, -0.1321100890636444, -0.30000001192092896, 0.1715596318244934, 13, 0)
(-1.019242286682129, 0.38396114110946655, -0.874966025352478, -0.353759765625, 1.061279296875, -0.392333984375, -0.12935779988765717, -0.3018348515033722, 0.17339450120925903, 13, 0)
(-1.6417248249053955, 0.016289260238409042, -1.5125741958618164, -0.46728515625, 1.02880859375, -0.34033203125, -0.12385321408510208, -0.3146789073944092, 0.16238532960414886, 13, 0)
(-2.008233070373535, -0.17569132149219513, -1.8895542621612549, -0.48095703125, 0.9541015625, -0.21533203125, -0.11467889696359634, -0.3229357898235321, 0.15688073635101318, 13, 0)
(-2.4049930572509766, -0.39443281292915344, -2.394521474838257, -0.388427734375, 0.960693359375, -0.276123046875, -0.1055045872926712, -0.34036698937416077, 0.14678898453712463, 13, 0)
(-2.413137674331665, -0.12915056943893433, -2.5632314682006836, -0.384521484375, 0.882568359375, -0.174560546875, -0.08899082988500595, -0.355045884847641, 0.13486239314079285, 13, 0)
(-2.3852131366729736, 0.06166648864746094, -3.025148391723633, -0.443115234375, 0.886962890625, -0.186767578125, -0.0724770650267601, -0.3697247803211212, 0.12293577939271927, 13, 0)
(-2.442225694656372, -0.44213709235191345, -3.380021572113037, -0.671630859375, 0.87353515625, -0.218994140625, -0.055045872926712036, -0.38623854517936707, 0.11376146972179413, 13, 0)
(-2.8005893230438232, -0.2641187310218811, -3.6383228302001953, -0.533935546875, 0.80029296875, -0.1318359375, -0.023853210732340813, -0.3935779929161072, 0.09541284292936325, 13, 0)
(-2.869236946105957, 0.15823853015899658, -4.350396156311035, -0.4560546875, 0.660400390625, -0.103759765625, -0.0036697247996926308, -0.40458714962005615, 0.078899085521698, 13, 0)
(-2.6632940769195557, 0.1361316740512848, -5.0124382972717285, -0.6533203125, 0.72119140625, -0.114990234375, 0.022018348798155785, -0.4137614667415619, 0.0660550445318222, 13, 0)
(-3.099613666534424, -0.008144630119204521, -5.036872386932373, -0.77490234375, 0.792236328125, -0.078857421875, 0.059633027762174606, -0.4220183491706848, 0.047706421464681625, 13, 0)
(-2.966972589492798, 0.029087966307997704, -4.903067588806152, -0.772705078125, 0.52392578125, 0.03564453125, 0.08715596050024033, -0.4201834797859192, 0.028440367430448532, 13, 0)
(-2.4666595458984375, 0.3665083646774292, -4.823948383331299, -0.802001953125, 0.385986328125, 0.13330078125, 0.10458716005086899, -0.4201834797859192, 0.022018348798155785, 13, 0)
(-2.064082145690918, 0.6701867580413818, -4.670363903045654, -0.810546875, 0.37939453125, 0.141357421875, 0.12110091745853424, -0.421100914478302, 0.011926605366170406, 13, 0)
(-1.285688042640686, 1.4648699760437012, -4.099076271057129, -0.987548828125, 0.3095703125, 0.2265625, 0.14862385392189026, -0.4128440320491791, 0.0009174311999231577, 13, 0)
(-0.7993373274803162, 1.816252589225769, -3.997849941253662, -0.89111328125, 0.2548828125, 0.239990234375, 0.16146789491176605, -0.4091743230819702, 0.0036697247996926308, 13, 0)
(0.07795574516057968, 2.5213449001312256, -3.9571268558502197, -0.773193359375, 0.2119140625, 0.177001953125, 0.17339450120925903, -0.40366971492767334, 0.0018348623998463154, 13, 0)
(1.2426378726959229, 2.9867522716522217, -3.2683238983154297, -0.932861328125, 0.28564453125, 0.0234375, 0.19266055524349213, -0.39082568883895874, 0.011926605366170406, 13, 0)
(1.8383594751358032, 2.8133881092071533, -2.9425387382507324, -0.99072265625, 0.377685546875, -0.21435546875, 0.20275229215621948, -0.3807339370250702, 0.027522936463356018, 13, 0)
(1.293832778930664, 2.180433988571167, -3.3171916007995605, -1.03857421875, 0.583740234375, -0.331298828125, 0.21284404397010803, -0.36605504155158997, 0.04403669759631157, 13, 0)
(0.8156265616416931, 1.799963355064392, -3.819831609725952, -1.018310546875, 0.52001953125, -0.440185546875, 0.22018349170684814, -0.35688072443008423, 0.052293580025434494, 13, 0)
(-0.22572261095046997, 0.9482676982879639, -4.65872859954834, -0.912353515625, 0.504150390625, -0.485595703125, 0.2431192696094513, -0.3357798159122467, 0.05596330389380455, 13, 0)
(-1.0017895698547363, 0.25713762640953064, -5.133444309234619, -1.015869140625, 0.353271484375, -0.497802734375, 0.25229358673095703, -0.3275229334831238, 0.05596330389380455, 13, 0)
(-2.320056200027466, -0.138458713889122, -5.192783832550049, -0.953857421875, 0.3095703125, -0.456298828125, 0.28073394298553467, -0.30733945965766907, 0.04954128339886665, 13, 0)
(-2.031503438949585, -0.7888656258583069, -5.545330047607422, -0.97705078125, -0.045654296875, -0.37451171875, 0.30733945965766907, -0.28532111644744873, 0.039449542760849, 13, 0)
(-0.9447771310806274, -1.3403735160827637, -5.3358964920043945, -0.9306640625, -0.2978515625, -0.305908203125, 0.32477065920829773, -0.263302743434906, 0.028440367430448532, 13, 0)
(-0.08144630491733551, -1.6242719888687134, -4.8018412590026855, -0.91064453125, 0.028564453125, -0.305419921875, 0.35045871138572693, -0.23394495248794556, 0.01834862306714058, 13, 0)
(0.07562871277332306, -1.898862361907959, -5.499952793121338, -0.9140625, -0.173095703125, -0.310302734375, 0.3633027672767639, -0.20917432010173798, 0.011009174399077892, 13, 0)
(0.22688613831996918, -2.2409369945526123, -5.217217445373535, -1.002197265625, 0.003173828125, -0.34228515625, 0.37889909744262695, -0.17981651425361633, 0.004587155766785145, 13, 0)
(0.6922935843467712, -2.562067985534668, -5.0741047859191895, -0.911865234375, -0.1826171875, -0.34912109375, 0.3954128324985504, -0.1449541300535202, -0.011009174399077892, 13, 0)
(-9.415192604064941, -4.759954929351807, -5.864133834838867, -0.146240234375, -0.49462890625, -1.55712890625, 0.40366971492767334, -0.12752293050289154, -0.04036697372794151, 13, 0)
(-15.537628173828125, -6.870577335357666, -5.764071464538574, -0.672119140625, -0.989013671875, -1.552734375, 0.4146789014339447, -0.10000000149011612, -0.08256880939006805, 13, 0)
(-14.836026191711426, -8.939313888549805, -5.139261722564697, -0.6943359375, -0.9609375, -1.298828125, 0.41743120551109314, -0.08715596050024033, -0.12110091745853424, 13, 0)
(-13.155904769897461, -8.345919609069824, -5.548820495605469, -0.06201171875, -0.405029296875, -0.679443359375, 0.4155963361263275, -0.03669724613428116, -0.19174312055110931, 13, 0)
(-12.627667427062988, -7.896800994873047, -5.84784460067749, 0.07275390625, -0.47119140625, -0.50830078125, 0.4091743230819702, -0.022018348798155785, -0.20733945071697235, 13, 0)
(-9.115004539489746, -6.555263996124268, -7.103281497955322, 0.3154296875, -1.31591796875, -0.13916015625, 0.39174312353134155, 0.0458715595304966, -0.24770642817020416, 13, 0)
(-6.591332912445068, -4.719231605529785, -5.935108661651611, -0.127197265625, -0.341552734375, -0.22900390625, 0.37155964970588684, 0.09357798099517822, -0.26605504751205444, 13, 0)
(-6.200390815734863, -3.3695499897003174, -3.7418758869171143, -0.04052734375, -0.3955078125, -0.05322265625, 0.35045871138572693, 0.1440366953611374, -0.27798163890838623, 13, 0)
(-6.057278156280518, -1.9256232976913452, -0.9517582654953003, 0.223388671875, -0.6376953125, 0.02880859375, 0.3412843942642212, 0.16238532960414886, -0.2816513776779175, 13, 0)
(-5.926963806152344, -0.5177658200263977, 3.2915942668914795, 0.011962890625, -1.43701171875, -0.828125, 0.33944955468177795, 0.17431192100048065, -0.2706421911716461, 13, 0)
(-2.112949848175049, 1.198424220085144, 5.6011786460876465, -0.6845703125, 0.153076171875, -0.301513671875, 0.34678900241851807, 0.16055046021938324, -0.2697247862815857, 13, 0)
(-0.8179535865783691, 2.7051808834075928, 7.831644058227539, -0.700927734375, -1.158935546875, -0.2763671875, 0.36422017216682434, 0.1321100890636444, -0.25871559977531433, 13, 0)
(-1.3136125802993774, 4.1619062423706055, 3.0658717155456543, -0.416015625, -0.3134765625, -0.079833984375, 0.3889908194541931, 0.09357798099517822, -0.23944954574108124, 13, 0)
(-1.1344306468963623, 2.131566047668457, 0.5107846856117249, -1.45947265625, -0.566162109375, -0.7734375, 0.39724770188331604, 0.08990825712680817, -0.22568807005882263, 13, 0)
(-1.3450275659561157, 2.0047426223754883, -0.6027026772499084, -1.5341796875, -0.31396484375, -0.575439453125, 0.4000000059604645, 0.09266055375337601, -0.21559633314609528, 13, 0)
(-1.7638942003250122, 1.848831057548523, -1.293832778930664, -0.7666015625, -0.576416015625, -0.572021484375, 0.4018348753452301, 0.0990825667977333, -0.20550459623336792, 13, 0)
(-2.1210944652557373, 2.9448657035827637, -2.377068519592285, -0.622314453125, -0.469482421875, -0.517822265625, 0.4000000059604645, 0.11009174585342407, -0.1899082511663437, 13, 0)
(-2.354961633682251, 2.9972240924835205, -1.7103724479675293, -0.48779296875, -0.36328125, -0.68408203125, 0.39724770188331604, 0.12752293050289154, -0.16697247326374054, 13, 0)
(-3.619706392288208, 2.49691104888916, 0.20245224237442017, -0.55126953125, -0.3798828125, -0.732421875, 0.39816513657569885, 0.13669724762439728, -0.14862385392189026, 13, 0)
(-3.901278018951416, 2.785463571548462, 0.6725137829780579, -0.476318359375, -0.541015625, -0.963134765625, 0.40366971492767334, 0.13027523458003998, -0.1247706413269043, 13, 0)
(-3.74303936958313, 3.3846757411956787, 0.5200928449630737, -0.697021484375, -0.60986328125, -0.843017578125, 0.40458714962005615, 0.12844036519527435, -0.09266055375337601, 13, 0)
(-3.477757215499878, 3.4661219120025635, 0.42817485332489014, -0.60986328125, -0.40771484375, -0.98681640625, 0.40458714962005615, 0.1256880760192871, -0.08256880939006805, 13, 0)
(-3.56502103805542, 3.2985754013061523, 0.12216945737600327, -0.46630859375, -0.25, -1.159423828125, 0.40550458431243896, 0.12293577939271927, -0.047706421464681625, 13, 0)
(-3.894296884536743, 3.2334182262420654, 0.11867889761924744, -0.54345703125, -0.1943359375, -1.1552734375, 0.40458714962005615, 0.11651375889778137, -0.020183486863970757, 13, 0)
(-4.405081748962402, 3.730240821838379, 0.15474797785282135, -0.425537109375, -0.16650390625, -1.08984375, 0.4009174406528473, 0.11100917309522629, 0.0064220186322927475, 13, 0)
(-5.761744499206543, 3.837284564971924, 0.6061931848526001, -0.3701171875, -0.076904296875, -1.260498046875, 0.3935779929161072, 0.09449541568756104, 0.04036697372794151, 13, 0)
(-6.5494465827941895, 3.9117496013641357, 0.6748408079147339, -0.41650390625, 0.034423828125, -1.18505859375, 0.3899082541465759, 0.08715596050024033, 0.061467889696359634, 13, 0)
(-7.541927814483643, 3.4987006187438965, -0.9063810110092163, 0.017333984375, 0.041015625, -1.298583984375, 0.3825688064098358, 0.06972476840019226, 0.0917431190609932, 13, 0)
(-10.012078285217285, 3.3148646354675293, -1.9104975461959839, -0.1845703125, 0.3427734375, -1.238037109375, 0.3743119239807129, 0.05412844195961952, 0.11651375889778137, 13, 0)
(-11.689871788024902, 2.956500768661499, -1.8895542621612549, -0.486083984375, 0.234130859375, -1.087158203125, 0.3623853325843811, 0.013761468231678009, 0.14954128861427307, 13, 0)
(-11.973770141601562, 1.8081079721450806, -2.451533794403076, -0.3974609375, 0.244384765625, -0.86572265625, 0.3541284501552582, -0.024770641699433327, 0.16697247326374054, 13, 0)
(-8.955602645874023, 0.9529217481613159, -1.3299018144607544, -0.146728515625, 0.4130859375, -0.906005859375, 0.3486238420009613, -0.07064220309257507, 0.17614679038524628, 13, 0)
(-6.466836452484131, 0.5247468948364258, -0.4921683967113495, -0.131103515625, 0.748291015625, -0.773681640625, 0.3477064371109009, -0.10733944922685623, 0.17431192100048065, 13, 0)
(-5.1031928062438965, 0.8575132489204407, 0.8086454272270203, 0.05029296875, 0.91796875, -0.839111328125, 0.34587156772613525, -0.12385321408510208, 0.17247706651687622, 13, 0)
(-2.6342062950134277, 2.1792705059051514, 1.2984868288040161, 0.141845703125, 0.65283203125, -0.7998046875, 0.3366972506046295, -0.15504586696624756, 0.1770642250776291, 13, 0)
(-2.901815414428711, 2.0291764736175537, 1.2740528583526611, -0.169677734375, 0.78076171875, -0.472900390625, 0.32660549879074097, -0.16880734264850616, 0.17981651425361633, 13, 0)
(-2.6388602256774902, 0.14543983340263367, 1.8790825605392456, -0.217529296875, 0.76025390625, -0.149169921875, 0.31376147270202637, -0.19908256828784943, 0.18073394894599915, 13, 0)
(-2.814551591873169, -1.0355316400527954, 2.0757172107696533, 0.152099609375, 1.310546875, -0.4794921875, 0.3082568943500519, -0.2229357808828354, 0.16972477734088898, 13, 0)
(-4.01879358291626, -0.7562870979309082, 2.0035791397094727, 0.031982421875, 0.95068359375, -0.807861328125, 0.30642202496528625, -0.24862384796142578, 0.15871559083461761, 13, 0)
(-3.936183452606201, -0.1722007542848587, 1.2251851558685303, 0.20166015625, 0.603271484375, -0.4541015625, 0.302752286195755, -0.2706421911716461, 0.14311926066875458, 13, 0)
(-3.6208701133728027, 0.10588019341230392, 1.114650845527649, 0.18212890625, 0.855712890625, -0.491455078125, 0.2954128384590149, -0.29816514253616333, 0.12293577939271927, 13, 0)
(-4.6889801025390625, 0.22455909848213196, 1.136757731437683, 0.25634765625, 1.05517578125, -0.296875, 0.28715595602989197, -0.3211009204387665, 0.1055045872926712, 13, 0)
(-4.120019435882568, 0.6946206092834473, 1.9512207508087158, 0.08447265625, 0.746826171875, -0.38525390625, 0.28073394298553467, -0.34403669834136963, 0.08899082988500595, 13, 0)
(-3.962944507598877, 0.38512468338012695, 1.3938953876495361, 0.088134765625, 0.899169921875, -0.18115234375, 0.26697248220443726, -0.3614678978919983, 0.0724770650267601, 13, 0)
(-3.966434955596924, 0.2955337464809418, 0.9785192012786865, 0.126953125, 0.763916015625, -0.23828125, 0.26697248220443726, -0.3633027672767639, 0.06697247922420502, 13, 0)
(-3.6546120643615723, 0.2617917060852051, 0.9121986031532288, 0.063232421875, 0.5673828125, -0.259033203125, 0.2568807303905487, -0.38440367579460144, 0.0458715595304966, 13, 0)
(-3.6918447017669678, 0.20361575484275818, 0.5119482278823853, 0.04248046875, 1.008056640625, -0.107421875, 0.25321102142333984, -0.39724770188331604, 0.0229357797652483, 13, 0)
(-4.113038539886475, 0.11635186523199081, 1.5975110530853271, 0.215087890625, 0.97021484375, 0.046142578125, 0.24495412409305573, -0.40458714962005615, 0.0009174311999231577, 13, 0)
(-3.5010275840759277, 0.08959093689918518, 1.492794394493103, 0.16650390625, 0.906494140625, 0.169677734375, 0.23211009800434113, -0.4192660450935364, -0.02568807452917099, 13, 0)
