<YEI3Space WL:12000857>


           R,                   i,                  j,                    k,        %,  Button

(0.1117570698261261, -0.07355409115552902, 0.9623786211013794, 0.23648953437805176, 45, 0)
(0.11009317636489868, -0.0675635114312172, 0.9646961688995361, 0.22951166331768036, 45, 0)
(0.11062481254339218, -0.057933080941438675, 0.9682339429855347, 0.216630220413208, 45, 0)
(0.11428278684616089, -0.055589187890291214, 0.968968391418457, 0.2120121568441391, 45, 0)
(0.12077666819095612, -0.055438362061977386, 0.968449592590332, 0.21081919968128204, 45, 0)
(0.12428371608257294, -0.05684005841612816, 0.9679352045059204, 0.2107699066400528, 45, 0)
(0.12964509427547455, -0.05814354494214058, 0.9670764207839966, 0.21112674474716187, 45, 0)
(0.13183119893074036, -0.055088579654693604, 0.9673100709915161, 0.20951557159423828, 45, 0)
(0.13516765832901, -0.049980174750089645, 0.9677215814590454, 0.2067522406578064, 45, 0)
(0.13754861056804657, -0.04885004833340645, 0.9671814441680908, 0.20797540247440338, 45, 0)
(0.1374092549085617, -0.049390874803066254, 0.9669875502586365, 0.2088392972946167, 45, 0)
(0.13607916235923767, -0.05284890532493591, 0.9662264585494995, 0.212356835603714, 45, 0)
(0.11866651475429535, -0.0671054795384407, 0.9669212698936462, 0.21558763086795807, 45, 0)
(0.1049937754869461, -0.0774889886379242, 0.9666733741760254, 0.22025927901268005, 45, 0)
(0.10176552832126617, -0.07946919649839401, 0.9660161733627319, 0.22392204403877258, 45, 0)
(0.09963120520114899, -0.07830540835857391, 0.965739905834198, 0.22646842896938324, 45, 0)
(0.09887002408504486, -0.07402782887220383, 0.9650733470916748, 0.23103652894496918, 45, 0)
(0.09938455373048782, -0.07181356102228165, 0.9646848440170288, 0.2331276386976242, 45, 0)
(0.10028798878192902, -0.06718674302101135, 0.9641592502593994, 0.23627308011054993, 45, 0)
(0.1012691780924797, -0.06324715167284012, 0.964216947555542, 0.23670616745948792, 45, 0)
(0.10164063423871994, -0.06237003579735756, 0.9642606973648071, 0.23660168051719666, 45, 0)
(0.10249163955450058, -0.06098809465765953, 0.9642918705940247, 0.23646773397922516, 45, 0)
(0.10462797433137894, -0.05892583355307579, 0.9644099473953247, 0.23557110130786896, 45, 0)
(0.10655497014522552, -0.057752154767513275, 0.9647567272186279, 0.23356963694095612, 45, 0)
(0.10893570631742477, -0.055453475564718246, 0.9652724862098694, 0.23088262975215912, 43, 0)
(0.11110788583755493, -0.04975268617272377, 0.9667619466781616, 0.22483506798744202, 43, 0)
(0.09961520880460739, -0.048610620200634, 0.9695881605148315, 0.21820223331451416, 43, 0)
(0.09797240793704987, -0.04329514130949974, 0.9705528020858765, 0.2157633900642395, 43, 0)
(0.09440644085407257, -0.029985588043928146, 0.972612738609314, 0.21026824414730072, 43, 0)
(0.08909512311220169, -0.014625404961407185, 0.9751392602920532, 0.20236416161060333, 43, 0)
(0.08508168905973434, -0.003855510614812374, 0.9774595499038696, 0.19318082928657532, 43, 0)
(0.07642576843500137, 0.013923273421823978, 0.9807358980178833, 0.17922690510749817, 43, 0)
(0.07160168141126633, 0.01809990406036377, 0.9814777970314026, 0.17676714062690735, 43, 0)
(0.06750346720218658, 0.019042784348130226, 0.9816410541534424, 0.17737293243408203, 43, 0)
(0.0661839172244072, 0.019380196928977966, 0.9814485907554626, 0.1788925677537918, 43, 0)
(0.06622420251369476, 0.01831192523241043, 0.980606198310852, 0.18354910612106323, 43, 0)
(0.06775107979774475, 0.017113875597715378, 0.9794119000434875, 0.1893913298845291, 43, 0)
(0.06863454729318619, 0.015466379001736641, 0.9785599708557129, 0.1935720443725586, 43, 0)
(0.06855250895023346, 0.012737994082272053, 0.9778609871864319, 0.19729650020599365, 43, 0)
(0.06562972068786621, 0.007625057827681303, 0.9774880409240723, 0.20037859678268433, 43, 0)
(0.050513871014118195, -0.005488906987011433, 0.9782159328460693, 0.2012747824192047, 43, 0)
(0.049233924597501755, -0.01003443542867899, 0.9777371287345886, 0.20372802019119263, 43, 0)
(0.04883041977882385, -0.013704921118915081, 0.9771839380264282, 0.20624999701976776, 43, 0)
(0.048339784145355225, -0.016537079587578773, 0.9768325686454773, 0.20781663060188293, 43, 0)
(0.047320399433374405, -0.017784031108021736, 0.9768674373626709, 0.2077842503786087, 43, 0)
(0.04519372805953026, -0.019338274374604225, 0.9770469665527344, 0.20727385580539703, 43, 0)
(0.044600874185562134, -0.019706102088093758, 0.977078378200531, 0.20721977949142456, 43, 0)
(0.04319478198885918, -0.020502466708421707, 0.9771610498428345, 0.20705081522464752, 43, 0)
(0.04008440673351288, -0.021645955741405487, 0.9775269031524658, 0.2058286815881729, 43, 0)
(0.03798449784517288, -0.021531958132982254, 0.9778753519058228, 0.20457957684993744, 43, 0)
(0.03693129122257233, -0.021218370646238327, 0.9780658483505249, 0.20389406383037567, 43, 0)
(0.03446187451481819, -0.0199270062148571, 0.978560209274292, 0.20207688212394714, 43, 0)
(0.029454533010721207, -0.015773003920912743, 0.97969651222229, 0.19768139719963074, 43, 0)
(0.026438716799020767, -0.012764685787260532, 0.9803967475891113, 0.19483324885368347, 43, 0)
(0.023108314722776413, -0.008886859752237797, 0.981142520904541, 0.1916925013065338, 43, 0)
(0.019831188023090363, -0.004573199898004532, 0.9819139838218689, 0.18822947144508362, 43, 0)
(0.013410801067948341, 0.003884406527504325, 0.9831835031509399, 0.18208551406860352, 43, 0)
(0.0077890618704259396, 0.010603193193674088, 0.9838286638259888, 0.17862743139266968, 43, 0)
(0.0029644002206623554, 0.015562901273369789, 0.9840060472488403, 0.17742885649204254, 43, 0)
(-0.0030176029540598392, 0.02106008119881153, 0.983899712562561, 0.17744936048984528, 43, 0)
(-0.026369068771600723, 0.03408949449658394, 0.9823659658432007, 0.1819324642419815, 43, 0)
(-0.051608260720968246, 0.04827672615647316, 0.9802721738815308, 0.18458645045757294, 43, 0)
(-0.059686191380023956, 0.05540241301059723, 0.9802808165550232, 0.18004845082759857, 43, 0)
(-0.06159361079335213, 0.058932188898324966, 0.9802486896514893, 0.178453728556633, 43, 0)
(-0.06217775493860245, 0.06266607344150543, 0.9793123006820679, 0.18208205699920654, 43, 0)
(-0.0612807422876358, 0.06551938503980637, 0.9776710867881775, 0.19002841413021088, 43, 0)
(-0.059594038873910904, 0.06776604801416397, 0.9763670563697815, 0.19637583196163177, 43, 0)
(-0.05695617198944092, 0.06937740743160248, 0.9747607707977295, 0.20441117882728577, 43, 0)
(-0.05504494160413742, 0.06891871243715286, 0.9729684591293335, 0.21343004703521729, 43, 0)
(-0.054090335965156555, 0.07032402604818344, 0.970734715461731, 0.2231656014919281, 43, 0)
(-0.053482502698898315, 0.07247041165828705, 0.9693900346755981, 0.2284086048603058, 43, 0)
(-0.051841896027326584, 0.0790276825428009, 0.9665365219116211, 0.23848259449005127, 43, 0)
(-0.05023304373025894, 0.08647046983242035, 0.9639072418212891, 0.24674314260482788, 43, 0)
(-0.048851482570171356, 0.0935719832777977, 0.9617621898651123, 0.25272735953330994, 43, 0)
(-0.04461577534675598, 0.11135955154895782, 0.9563888311386108, 0.2663241922855377, 43, 0)
(-0.0403464213013649, 0.12496834248304367, 0.9513754844665527, 0.2786385416984558, 43, 0)
(-0.03664419427514076, 0.1333867609500885, 0.9476764798164368, 0.2877047061920166, 43, 0)
(-0.02860833890736103, 0.14691413938999176, 0.9398137331008911, 0.30716070532798767, 43, 0)
(-0.028190137818455696, 0.1499798595905304, 0.9360809326171875, 0.31696006655693054, 43, 0)
(-0.025654276832938194, 0.15557953715324402, 0.9284236431121826, 0.33640146255493164, 43, 0)
(-0.01429139543324709, 0.17019852995872498, 0.9168298244476318, 0.36090290546417236, 43, 0)
(-0.007372814230620861, 0.17899850010871887, 0.909334123134613, 0.37552160024642944, 43, 0)
(0.00013054534792900085, 0.18932369351387024, 0.8992133140563965, 0.39442601799964905, 43, 0)
(0.0033832918852567673, 0.19443194568157196, 0.8939064741134644, 0.4038759469985962, 43, 0)
(0.0076912883669137955, 0.20220957696437836, 0.8862125873565674, 0.41674816608428955, 43, 0)
(0.010396618396043777, 0.20803745090961456, 0.8810343146324158, 0.42472416162490845, 43, 0)
(0.01257333904504776, 0.2133694291114807, 0.8762102127075195, 0.4319382309913635, 43, 0)
(0.01569565199315548, 0.22076740860939026, 0.8674250841140747, 0.4456333816051483, 43, 0)
(0.017599349841475487, 0.22597938776016235, 0.8591845035552979, 0.458721399307251, 43, 0)
(0.0181132722645998, 0.2288278341293335, 0.855313777923584, 0.464486688375473, 43, 0)
(0.018246285617351532, 0.23413266241550446, 0.8499139547348022, 0.47169390320777893, 43, 0)
(0.017638511955738068, 0.2386445254087448, 0.8461567163467407, 0.4761890769004822, 43, 0)
(0.01390579529106617, 0.24781474471092224, 0.8383634090423584, 0.48532572388648987, 43, 0)
(0.012052349746227264, 0.25027957558631897, 0.835944414138794, 0.488273948431015, 43, 0)
(0.0035061482340097427, 0.2592938542366028, 0.8269598484039307, 0.4988901913166046, 43, 0)
(-0.014656946063041687, 0.2714042365550995, 0.8150056600570679, 0.5117523074150085, 43, 0)
(-0.024153118953108788, 0.27851518988609314, 0.8084207773208618, 0.517978310585022, 43, 0)
(-0.026609741151332855, 0.2815086245536804, 0.8060640096664429, 0.5199090838432312, 43, 0)
(-0.031469374895095825, 0.2880150377750397, 0.8008988499641418, 0.5240399241447449, 43, 0)
(-0.03889816254377365, 0.29713526368141174, 0.7933037281036377, 0.5299683213233948, 43, 0)
(-0.04458567127585411, 0.3029245436191559, 0.7868372797966003, 0.5358505845069885, 43, 0)
(-0.04615740478038788, 0.3062010109424591, 0.7809608578681946, 0.5424116253852844, 43, 0)
(-0.04505275934934616, 0.30725643038749695, 0.7767511010169983, 0.5479245185852051, 43, 0)
(-0.04089269042015076, 0.3088533580303192, 0.7706954479217529, 0.5558466911315918, 43, 0)
(-0.038080014288425446, 0.309832900762558, 0.7673799991607666, 0.5600724220275879, 43, 0)
(-0.03356461226940155, 0.31139421463012695, 0.7623276710510254, 0.5663596987724304, 43, 0)
(-0.02569352090358734, 0.314376562833786, 0.7535412907600403, 0.5767863988876343, 43, 0)
(-0.020613282918930054, 0.31603091955184937, 0.7481529712677002, 0.5830663442611694, 43, 0)
(-0.014591535553336143, 0.31683453917503357, 0.7409851551055908, 0.5918984413146973, 43, 0)
(-0.014317257329821587, 0.3159937560558319, 0.7368351817131042, 0.5975087285041809, 43, 0)
(-0.010717077180743217, 0.3146217167377472, 0.7305858135223389, 0.6059226989746094, 43, 0)
(-0.007314339280128479, 0.3144661486148834, 0.7258070707321167, 0.6117692589759827, 43, 0)
(-0.003944257274270058, 0.31452563405036926, 0.720866322517395, 0.6175838112831116, 43, 0)
(0.0003540273755788803, 0.3146006166934967, 0.7133116722106934, 0.6262685656547546, 43, 0)
(0.0028464514762163162, 0.31426700949668884, 0.7083342671394348, 0.6320526599884033, 43, 0)
(0.005052320659160614, 0.3136903643608093, 0.7035312652587891, 0.637664794921875, 43, 0)
(0.007735060527920723, 0.31243541836738586, 0.6971416473388672, 0.645226776599884, 43, 0)
(0.008928490802645683, 0.3112635910511017, 0.693229615688324, 0.6499751806259155, 43, 0)
(0.009811457246541977, 0.309190571308136, 0.6862763166427612, 0.6582778096199036, 43, 0)
(0.0095050148665905, 0.30825889110565186, 0.6809182167053223, 0.6642561554908752, 43, 0)
(0.007437778636813164, 0.30780133605003357, 0.6772425174713135, 0.668240487575531, 43, 0)
(0.006242100149393082, 0.30742552876472473, 0.6760885715484619, 0.6695927977561951, 43, 0)
(0.0035309307277202606, 0.3060433864593506, 0.6742968559265137, 0.6720479726791382, 43, 0)
(-0.0006272401660680771, 0.30526241660118103, 0.6715909242630005, 0.6751145124435425, 43, 0)
(-0.006724776700139046, 0.30623897910118103, 0.6677243709564209, 0.6784660816192627, 43, 0)
(-0.010591952130198479, 0.307249516248703, 0.6651285886764526, 0.6805064678192139, 43, 0)
(-0.01868600770831108, 0.30876752734184265, 0.6587759852409363, 0.6858040690422058, 43, 0)
(-0.024134481325745583, 0.3084058165550232, 0.6572390198707581, 0.6872699856758118, 43, 0)
(-0.027252107858657837, 0.3092392385005951, 0.6555233001708984, 0.6884164810180664, 43, 0)
(-0.028531447052955627, 0.30953752994537354, 0.6545625329017639, 0.6891446113586426, 43, 0)
(-0.030149811878800392, 0.30894574522972107, 0.6534056663513184, 0.6904376149177551, 43, 0)
(-0.030960066244006157, 0.30824553966522217, 0.6525428295135498, 0.6915299892425537, 43, 0)
(-0.030864344909787178, 0.3078530430793762, 0.6510211825370789, 0.6931414008140564, 43, 0)
(-0.027985423803329468, 0.3084430992603302, 0.647313117980957, 0.6964661478996277, 43, 0)
(-0.024577397853136063, 0.30905619263648987, 0.642657458782196, 0.700622022151947, 43, 0)
(-0.021130410954356194, 0.3100292980670929, 0.6375918984413147, 0.7049197554588318, 43, 0)
(-0.016040917485952377, 0.3114551305770874, 0.629021406173706, 0.7120887041091919, 43, 0)
(-0.010528327897191048, 0.31419289112091064, 0.6179025769233704, 0.7206721305847168, 43, 0)
(-0.004552088677883148, 0.3190624713897705, 0.6046377420425415, 0.7297885417938232, 43, 0)
(0.0019849222153425217, 0.32503995299339294, 0.5896835327148438, 0.7393364310264587, 43, 0)
(0.008158361539244652, 0.33039870858192444, 0.5745224952697754, 0.7487947940826416, 43, 0)
(0.011583782732486725, 0.3347654640674591, 0.5644139647483826, 0.7544761896133423, 43, 0)
(0.01883855275809765, 0.3399641513824463, 0.5543959736824036, 0.7594171762466431, 43, 0)
(0.022088006138801575, 0.3400660753250122, 0.5478174686431885, 0.764043927192688, 43, 0)
(0.027267638593912125, 0.33994728326797485, 0.5360170006752014, 0.772255003452301, 43, 0)
(0.030731668695807457, 0.33961349725723267, 0.5258599519729614, 0.7792234420776367, 43, 0)
(0.03782522678375244, 0.33857929706573486, 0.5038213729858398, 0.7937866449356079, 43, 0)
(0.04042576998472214, 0.33898890018463135, 0.49286043643951416, 0.8003379106521606, 43, 0)
(0.04325303062796593, 0.3443986475467682, 0.4725049138069153, 0.8100972175598145, 43, 0)
(0.045804355293512344, 0.3568516969680786, 0.45575961470603943, 0.8141509890556335, 43, 0)
(0.04640718922019005, 0.36049410700798035, 0.4520110487937927, 0.8146018981933594, 43, 0)
(0.0474722795188427, 0.3765377104282379, 0.4348185062408447, 0.8166384696960449, 43, 0)
(0.04684194549918175, 0.38998737931251526, 0.41580504179000854, 0.8202569484710693, 43, 0)
(0.04439514875411987, 0.4015748202800751, 0.39409512281417847, 0.8255033493041992, 43, 0)
(0.04053182154893875, 0.4144040644168854, 0.374574214220047, 0.8284445405006409, 43, 0)
(0.03626412898302078, 0.4237731993198395, 0.3618314266204834, 0.8295655250549316, 43, 0)
(0.031738221645355225, 0.4295080304145813, 0.3516961336135864, 0.8311588764190674, 43, 0)
(0.02153516188263893, 0.43287572264671326, 0.33191120624542236, 0.8378480672836304, 43, 0)
(0.012872707098722458, 0.43240347504615784, 0.3183073401451111, 0.8435293436050415, 43, 0)
(0.007467012852430344, 0.43262577056884766, 0.31402987241744995, 0.8450823426246643, 43, 0)
(0.0012410134077072144, 0.4338989555835724, 0.3094208538532257, 0.8461610674858093, 43, 0)
(-0.001851554960012436, 0.43526309728622437, 0.3067276179790497, 0.8464398980140686, 43, 0)
(-0.006284136325120926, 0.4388931691646576, 0.30224117636680603, 0.846157968044281, 43, 0)
(-0.007900454103946686, 0.44137752056121826, 0.2995445132255554, 0.8458110690116882, 43, 0)
(-0.009085569530725479, 0.4437065124511719, 0.29585111141204834, 0.8458804488182068, 43, 0)
(-0.009565096348524094, 0.44529989361763, 0.2917478680610657, 0.8464629650115967, 43, 0)
(-0.007989916950464249, 0.4451158940792084, 0.28598445653915405, 0.8485403060913086, 43, 0)
(-0.0015104636549949646, 0.44447940587997437, 0.2838338017463684, 0.849631667137146, 43, 0)
(0.002542886883020401, 0.4489859640598297, 0.2833938002586365, 0.8474035859107971, 43, 0)
(0.010816942900419235, 0.4558795094490051, 0.2793368101119995, 0.8450014591217041, 43, 0)
(0.01351536437869072, 0.45741042494773865, 0.27389395236968994, 0.8459165096282959, 43, 0)
(0.016836360096931458, 0.45938971638679504, 0.2609834372997284, 0.8488609790802002, 43, 0)
(0.016822081059217453, 0.4587046205997467, 0.257362961769104, 0.8503358364105225, 43, 0)
(0.016577832400798798, 0.4564158022403717, 0.24902072548866272, 0.8540480732917786, 43, 0)
(0.015949178487062454, 0.4507596790790558, 0.23583480715751648, 0.8607804775238037, 43, 0)
(0.015719562768936157, 0.4459684491157532, 0.22280248999595642, 0.8667317032814026, 43, 0)
(0.01495492085814476, 0.44401299953460693, 0.21149173378944397, 0.8705744743347168, 43, 0)
(0.013551119714975357, 0.4434289336204529, 0.2033247947692871, 0.8728378415107727, 43, 0)
(0.011202860623598099, 0.44317543506622314, 0.19506478309631348, 0.8748825192451477, 43, 0)
(0.0051187314093112946, 0.44309723377227783, 0.179948627948761, 0.8782122731208801, 43, 0)
(-0.0008947253227233887, 0.44356608390808105, 0.1667270064353943, 0.8805964589118958, 43, 0)
(-0.006413623690605164, 0.4445803165435791, 0.15563836693763733, 0.8820904493331909, 43, 0)
(-0.010198816657066345, 0.4526195228099823, 0.14457067847251892, 0.8798469305038452, 43, 0)
(-0.019491180777549744, 0.4573970139026642, 0.1287185549736023, 0.8796813488006592, 43, 0)
(-0.02343371883034706, 0.4567735493183136, 0.12265051901340485, 0.880775511264801, 43, 0)
(-0.0268704891204834, 0.456324964761734, 0.11660385131835938, 0.8817306160926819, 43, 0)
(-0.0293041430413723, 0.4560600221157074, 0.11226244270801544, 0.8823533654212952, 43, 0)
(-0.03444629907608032, 0.4553460478782654, 0.10299338400363922, 0.8836659789085388, 43, 0)
(-0.03922911360859871, 0.4532535672187805, 0.09202717244625092, 0.8857499361038208, 43, 0)
(-0.041595250368118286, 0.45239517092704773, 0.08594948053359985, 0.8866910338401794, 43, 0)
(-0.04520636796951294, 0.45151156187057495, 0.07381118834018707, 0.8880571722984314, 43, 0)
(-0.047096554189920425, 0.450965940952301, 0.059712059795856476, 0.8892951011657715, 43, 0)
(-0.04750923067331314, 0.451288640499115, 0.04341844096779823, 0.8900539875030518, 43, 0)
(-0.04749690741300583, 0.4518282413482666, 0.030103091150522232, 0.8903308510780334, 43, 0)
(-0.04767106473445892, 0.4531460702419281, 0.012184848077595234, 0.8900771737098694, 43, 0)
(-0.04765802249312401, 0.4550943970680237, -0.0064221592620015144, 0.8891436457633972, 43, 0)
(-0.04762851074337959, 0.45695731043815613, -0.020774807780981064, 0.887969434261322, 43, 0)
(-0.048245035111904144, 0.46160241961479187, -0.046764448285102844, 0.8845385909080505, 43, 0)
(-0.04763726890087128, 0.4702813923358917, -0.06375981122255325, 0.8789201378822327, 43, 0)
(-0.04868221655488014, 0.47360387444496155, -0.07968209683895111, 0.8757739067077637, 43, 0)
(-0.0497155487537384, 0.47916921973228455, -0.11654335260391235, 0.8685290217399597, 43, 0)
(-0.04976723715662956, 0.4805586338043213, -0.12548694014549255, 0.8665099143981934, 43, 0)
(-0.05127882957458496, 0.48778843879699707, -0.16342735290527344, 0.8559932112693787, 43, 0)
(-0.05383867770433426, 0.49381551146507263, -0.19744984805583954, 0.8451396226882935, 43, 0)
(-0.05578605458140373, 0.49798139929771423, -0.22837455570697784, 0.8347138166427612, 43, 0)
(-0.05578439682722092, 0.4994426965713501, -0.25055962800979614, 0.8274446725845337, 43, 0)
(-0.05284116044640541, 0.4995611011981964, -0.2853122055530548, 0.8162372708320618, 43, 0)
(-0.050551991909742355, 0.4985460042953491, -0.3076730966567993, 0.8088470101356506, 43, 0)
(-0.04672013595700264, 0.4956369698047638, -0.3398280143737793, 0.7979208827018738, 43, 0)
(-0.04182090982794762, 0.4897346794605255, -0.3730948567390442, 0.7868995666503906, 43, 0)
(-0.03951230272650719, 0.4857374429702759, -0.3899599313735962, 0.7812994718551636, 43, 0)
(-0.03761250153183937, 0.47952330112457275, -0.413604199886322, 0.7730290293693542, 43, 0)
(-0.039880380034446716, 0.47078943252563477, -0.44366106390953064, 0.7615324258804321, 43, 0)
(-0.043531324714422226, 0.46664541959762573, -0.46008676290512085, 0.7541001439094543, 43, 0)
(-0.05477616935968399, 0.4608825147151947, -0.49405306577682495, 0.7351856827735901, 43, 0)
(-0.06186719983816147, 0.45802441239356995, -0.5112513303756714, 0.7245741486549377, 43, 0)
(-0.07092423737049103, 0.45237863063812256, -0.5360809564590454, 0.7091829180717468, 43, 0)
(-0.07536064088344574, 0.44725093245506287, -0.5523852109909058, 0.6993979811668396, 43, 0)
(-0.08106982707977295, 0.4364805221557617, -0.5794095993041992, 0.6835179328918457, 43, 0)
(-0.08392667770385742, 0.4253358244895935, -0.6012057065963745, 0.6712654829025269, 43, 0)
(-0.08431695401668549, 0.41687828302383423, -0.6148287057876587, 0.6641450524330139, 43, 0)
(-0.08447012305259705, 0.411447137594223, -0.6224166750907898, 0.6604340672492981, 43, 0)
(-0.08584897220134735, 0.40300625562667847, -0.6338700652122498, 0.6545413732528687, 43, 0)
(-0.08760529011487961, 0.3977394104003906, -0.6423565149307251, 0.6492353081703186, 43, 0)
(-0.08900327980518341, 0.39554229378700256, -0.6469308137893677, 0.645836591720581, 43, 0)
(-0.08964473754167557, 0.39451539516448975, -0.6487100124359131, 0.6445901989936829, 43, 0)
(-0.0897003710269928, 0.3935304880142212, -0.649300217628479, 0.6445903182029724, 43, 0)
(-0.09085197746753693, 0.39268758893013, -0.6499210596084595, 0.6443172097206116, 43, 0)
(-0.09619031846523285, 0.3941785991191864, -0.6519056558609009, 0.6406163573265076, 43, 0)
(-0.09584230929613113, 0.3923835754394531, -0.6519654989242554, 0.6417086124420166, 43, 0)
(-0.09514059871435165, 0.3890012204647064, -0.6519367694854736, 0.6438978314399719, 43, 0)
(-0.09451907128095627, 0.3849697709083557, -0.6517336368560791, 0.6466123461723328, 43, 0)
(-0.09464561939239502, 0.38172125816345215, -0.6519620418548584, 0.6482873558998108, 43, 0)
(-0.09535364806652069, 0.3771113157272339, -0.6525306105613708, 0.6503061652183533, 43, 0)
(-0.0969529002904892, 0.3715810477733612, -0.6532825231552124, 0.6524947285652161, 43, 0)
(-0.1006987988948822, 0.36524322628974915, -0.6548564434051514, 0.6539266109466553, 43, 0)
(-0.10605993121862411, 0.35683318972587585, -0.6589354276657104, 0.6536246538162231, 43, 0)
(-0.11128363758325577, 0.3495616614818573, -0.6639517545700073, 0.6516062021255493, 43, 0)
(-0.12423180043697357, 0.34404346346855164, -0.6712604761123657, 0.6446777582168579, 43, 0)
(-0.13738057017326355, 0.3392333388328552, -0.6772105693817139, 0.6383047103881836, 43, 0)
(-0.14247474074363708, 0.3315996527671814, -0.6812440752983093, 0.6369057893753052, 43, 0)
(-0.14894495904445648, 0.32028728723526, -0.6854381561279297, 0.6367148756980896, 43, 0)
(-0.15504655241966248, 0.30777692794799805, -0.688683032989502, 0.6379258632659912, 43, 0)
(-0.1609881967306137, 0.2955794036388397, -0.6919829845428467, 0.6386510133743286, 43, 0)
(-0.16420091688632965, 0.2901892066001892, -0.6937345266342163, 0.6384046673774719, 43, 0)
(-0.16569823026657104, 0.28791406750679016, -0.6945082545280457, 0.6382066011428833, 43, 0)
(-0.16892839968204498, 0.28348323702812195, -0.6962916851043701, 0.637399435043335, 43, 0)
(-0.1736368089914322, 0.27740898728370667, -0.6987872123718262, 0.636074423789978, 43, 0)
(-0.17504414916038513, 0.2732008099555969, -0.7000451683998108, 0.6361268758773804, 43, 0)
(-0.17268767952919006, 0.27085059881210327, -0.7004246711730957, 0.6373569369316101, 43, 0)
(-0.17076997458934784, 0.2706456780433655, -0.6996989846229553, 0.6387563347816467, 43, 0)
(-0.1677921861410141, 0.2711695432662964, -0.6971631050109863, 0.6420873403549194, 43, 0)
(-0.16571985185146332, 0.2715774178504944, -0.6948821544647217, 0.6449195146560669, 43, 0)
(-0.16627351939678192, 0.27654996514320374, -0.6906156539916992, 0.6472426652908325, 43, 0)
(-0.16652466356754303, 0.2780907154083252, -0.6893564462661743, 0.6478599905967712, 43, 0)
(-0.1640147864818573, 0.2782651484012604, -0.6861362457275391, 0.6518315672874451, 43, 0)
(-0.1615985780954361, 0.2781467139720917, -0.6830323934555054, 0.6557337641716003, 43, 0)
(-0.1592736542224884, 0.27782532572746277, -0.6796404719352722, 0.6599496006965637, 43, 0)
(-0.157060444355011, 0.2772896885871887, -0.6759120225906372, 0.6645187139511108, 43, 0)
(-0.15397581458091736, 0.27597686648368835, -0.6702183485031128, 0.6715171933174133, 43, 0)
(-0.15006214380264282, 0.2721578776836395, -0.6639052629470825, 0.6801772117614746, 43, 0)
(-0.14691975712776184, 0.26549002528190613, -0.6602509617805481, 0.6870210766792297, 43, 0)
(-0.1465570032596588, 0.2580987215042114, -0.6582404971122742, 0.6918275952339172, 43, 0)
(-0.14691072702407837, 0.25634241104125977, -0.6579195857048035, 0.6927102208137512, 43, 0)
(-0.1480564922094345, 0.2521551251411438, -0.6573313474655151, 0.6945590972900391, 43, 0)
(-0.1571313738822937, 0.24627451598644257, -0.6558901071548462, 0.6960362792015076, 43, 0)
(-0.15887543559074402, 0.23976367712020874, -0.6556693315505981, 0.6981185078620911, 43, 0)
(-0.16042585670948029, 0.2318428009748459, -0.6568995714187622, 0.6992818713188171, 43, 0)
(-0.1607362926006317, 0.2259090095758438, -0.6588503122329712, 0.6993175745010376, 43, 0)
(-0.1593884974718094, 0.22257177531719208, -0.6597785949707031, 0.6998206973075867, 43, 0)
(-0.1576877236366272, 0.22073408961296082, -0.6598750352859497, 0.700696587562561, 43, 0)
(-0.15352463722229004, 0.21824868023395538, -0.6582862734794617, 0.7038867473602295, 43, 0)
(-0.15278016030788422, 0.2179742008447647, -0.6575869917869568, 0.7047868371009827, 43, 0)
(-0.14712336659431458, 0.21647274494171143, -0.6503019332885742, 0.7131631374359131, 43, 0)
(-0.14331281185150146, 0.21767200529575348, -0.6438413858413696, 0.719408392906189, 43, 0)
(-0.1378798484802246, 0.22081033885478973, -0.6315659284591675, 0.7303124070167542, 43, 0)
(-0.1309790164232254, 0.22337785363197327, -0.6153420805931091, 0.744513750076294, 43, 0)
(-0.12746603786945343, 0.22792232036590576, -0.599143385887146, 0.7568557858467102, 43, 0)
(-0.1274481862783432, 0.23184387385845184, -0.5876919627189636, 0.7646065950393677, 43, 0)
(-0.12651723623275757, 0.23309223353862762, -0.5797321200370789, 0.7704359292984009, 43, 0)
(-0.12638232111930847, 0.23464436829090118, -0.5718370079994202, 0.77586829662323, 43, 0)
(-0.12562671303749084, 0.2365553230047226, -0.5630241632461548, 0.7818330526351929, 43, 0)
(-0.12377817183732986, 0.2376716434955597, -0.5528807044029236, 0.7889954447746277, 43, 0)
(-0.12193457037210464, 0.23813411593437195, -0.5412530899047852, 0.7971630692481995, 43, 0)
(-0.11970467865467072, 0.23935607075691223, -0.5120652318000793, 0.8161913752555847, 43, 0)
(-0.11936178803443909, 0.23902930319309235, -0.4868261218070984, 0.8316356539726257, 43, 0)
(-0.11938188970088959, 0.23685090243816376, -0.4637218713760376, 0.8453468680381775, 43, 0)
(-0.11953340470790863, 0.2337082177400589, -0.44341790676116943, 0.8570137619972229, 43, 0)
(-0.11985377967357635, 0.22865937650203705, -0.4224364757537842, 0.8688480854034424, 43, 0)
(-0.11947636306285858, 0.22209462523460388, -0.40634703636169434, 0.878226101398468, 43, 0)
(-0.12042239308357239, 0.21695692837238312, -0.3935650587081909, 0.8851748108863831, 43, 0)
(-0.12224731594324112, 0.21200399100780487, -0.38109588623046875, 0.8915579915046692, 43, 0)
(-0.1305890679359436, 0.20939300954341888, -0.36220017075538635, 0.8988391757011414, 43, 0)
(-0.1371413767337799, 0.2063383013010025, -0.3529834747314453, 0.9022301435470581, 43, 0)
(-0.14619608223438263, 0.20390042662620544, -0.3395918309688568, 0.9064923524856567, 43, 0)
(-0.1504371166229248, 0.20077122747898102, -0.32726386189460754, 0.9110201597213745, 43, 0)
(-0.15077939629554749, 0.19738659262657166, -0.31799817085266113, 0.9149760007858276, 43, 0)
(-0.14864212274551392, 0.19015823304653168, -0.2989709675312042, 0.9232341647148132, 43, 0)
(-0.14620086550712585, 0.18391282856464386, -0.28130802512168884, 0.9304121732711792, 43, 0)
(-0.1433105766773224, 0.17849107086658478, -0.26443636417388916, 0.9368436932563782, 43, 0)
(-0.14057111740112305, 0.17440083622932434, -0.2502923607826233, 0.9419010877609253, 43, 0)
(-0.13825353980064392, 0.17120535671710968, -0.23858661949634552, 0.9458598494529724, 43, 0)
(-0.13541486859321594, 0.1676209270954132, -0.2247171550989151, 0.9502989053726196, 43, 0)
(-0.1278901845216751, 0.1586400419473648, -0.19327646493911743, 0.9597507119178772, 43, 0)
(-0.11826445162296295, 0.14738647639751434, -0.16104066371917725, 0.9686879515647888, 43, 0)
(-0.10756627470254898, 0.13741470873355865, -0.12798358500003815, 0.9763025045394897, 43, 0)
(-0.10046783089637756, 0.1282065510749817, -0.0945882722735405, 0.9821008443832397, 43, 0)
(-0.09529928863048553, 0.12249784171581268, -0.06775493174791336, 0.9855563044548035, 43, 0)
(-0.0885423943400383, 0.11541237682104111, -0.018598195165395737, 0.9891886711120605, 43, 0)
(-0.08552750200033188, 0.11261928826570511, 0.01816309429705143, 0.9897837042808533, 43, 0)
(-0.08175331354141235, 0.11051376909017563, 0.07391230762004852, 0.9877448081970215, 43, 0)
(-0.07926539331674576, 0.10829351842403412, 0.1332821398973465, 0.9819496273994446, 43, 0)
(-0.07896622270345688, 0.10749096423387527, 0.14735081791877747, 0.9800499081611633, 43, 0)
(-0.07936939597129822, 0.10247281193733215, 0.20440705120563507, 0.9702666401863098, 43, 0)
(-0.0809444859623909, 0.09952389448881149, 0.22982124984264374, 0.9647408127784729, 43, 0)
(-0.0852476954460144, 0.09533432126045227, 0.2624471187591553, 0.9564338326454163, 43, 0)
(-0.09106121957302094, 0.0902431309223175, 0.29728883504867554, 0.946141242980957, 43, 0)
(-0.0931478887796402, 0.0883256122469902, 0.310907244682312, 0.9417316913604736, 43, 0)
(-0.09466072916984558, 0.08957206457853317, 0.3408880829811096, 0.9310268759727478, 43, 0)
(-0.09954722225666046, 0.09329497069120407, 0.369371622800827, 0.9192121028900146, 43, 0)
(-0.10557445883750916, 0.09380020946264267, 0.3818874955177307, 0.9133548140525818, 43, 0)
(-0.11450821161270142, 0.09215515851974487, 0.3974110782146454, 0.9057921171188354, 43, 0)
(-0.12280590087175369, 0.09085450321435928, 0.4147723317146301, 0.8970104455947876, 43, 0)
(-0.12659864127635956, 0.09252545982599258, 0.42274707555770874, 0.8925785422325134, 43, 0)
(-0.12994764745235443, 0.09655387699604034, 0.4327854812145233, 0.8868412971496582, 43, 0)
(-0.13006368279457092, 0.0992039293050766, 0.4393728971481323, 0.8832855820655823, 43, 0)
(-0.1296917349100113, 0.10152231901884079, 0.450998991727829, 0.8771960139274597, 43, 0)
(-0.13015109300613403, 0.09992101788520813, 0.46355146169662476, 0.870744526386261, 43, 0)
(-0.1299334019422531, 0.09389980137348175, 0.479587584733963, 0.8627256751060486, 43, 0)
(-0.1291181445121765, 0.08442959189414978, 0.5023443698883057, 0.8507938385009766, 43, 0)
(-0.12829439342021942, 0.07337532192468643, 0.5266410112380981, 0.8371413350105286, 43, 0)
(-0.12509571015834808, 0.06380867958068848, 0.5486910343170166, 0.8241463303565979, 43, 0)
(-0.12408280372619629, 0.061820682138204575, 0.5535058975219727, 0.8212262988090515, 43, 0)
(-0.12049908190965652, 0.057331863790750504, 0.5662345290184021, 0.8133701682090759, 43, 0)
(-0.11803803592920303, 0.04868472367525101, 0.5853244066238403, 0.8006821870803833, 43, 0)
(-0.11809033155441284, 0.043421730399131775, 0.5957849025726318, 0.7932272553443909, 43, 0)
(-0.1184542253613472, 0.03787647932767868, 0.6069411039352417, 0.7849560976028442, 43, 0)
(-0.11812706291675568, 0.030851908028125763, 0.6236257553100586, 0.772130012512207, 43, 0)
(-0.11251159012317657, 0.026615813374519348, 0.6457004547119141, 0.7547869086265564, 43, 0)
(-0.11049734055995941, 0.026630178093910217, 0.6512340307235718, 0.7503166198730469, 43, 0)
(-0.10195212811231613, 0.025864455848932266, 0.6765618920326233, 0.7288349270820618, 43, 0)
(-0.09964577108621597, 0.022653158754110336, 0.6886510848999023, 0.7178559899330139, 43, 0)
(-0.09892942011356354, 0.01693340577185154, 0.7018809914588928, 0.705187201499939, 43, 0)
(-0.09849134832620621, 0.012202762067317963, 0.7151604890823364, 0.6918784379959106, 43, 0)
(-0.09782929718494415, 0.010351994074881077, 0.7231281995773315, 0.6836720108985901, 43, 0)
(-0.0962115228176117, 0.006098947022110224, 0.734992504119873, 0.6711869239807129, 43, 0)
(-0.09845729172229767, -0.0031821453012526035, 0.7495841383934021, 0.6545374989509583, 43, 0)
(-0.10657406598329544, -0.014829298481345177, 0.7590478658676147, 0.6420809030532837, 43, 0)
(-0.10915441811084747, -0.024812525138258934, 0.764165997505188, 0.6352319717407227, 43, 0)
(-0.1121385470032692, -0.03482399508357048, 0.7674847841262817, 0.6302214860916138, 43, 0)
(-0.11894180625677109, -0.044073719531297684, 0.7712348103523254, 0.6237843036651611, 43, 0)
(-0.12688316404819489, -0.049669183790683746, 0.7739403247833252, 0.6184253096580505, 43, 0)
(-0.13900858163833618, -0.056755926460027695, 0.7751162648200989, 0.6137181520462036, 43, 0)
(-0.14855501055717468, -0.05774442479014397, 0.773118257522583, 0.6139094829559326, 43, 0)
(-0.15661011636257172, -0.059174906462430954, 0.7707972526550293, 0.6146892309188843, 43, 0)
(-0.1716211438179016, -0.06928273290395737, 0.7733122110366821, 0.6064109206199646, 43, 0)
(-0.17936615645885468, -0.07516258955001831, 0.7774801254272461, 0.5980826020240784, 43, 0)
(-0.18857187032699585, -0.08611075580120087, 0.7851138710975647, 0.5836278200149536, 43, 0)
(-0.1904326230287552, -0.09129351377487183, 0.7874324321746826, 0.5790947675704956, 43, 0)
(-0.1887732297182083, -0.09744584560394287, 0.7914215326309204, 0.5731672048568726, 43, 0)
(-0.18914274871349335, -0.10466475039720535, 0.7975627779960632, 0.5631726384162903, 43, 0)
(-0.19325439631938934, -0.10975020378828049, 0.8050899505615234, 0.5499431490898132, 43, 0)
(-0.19554004073143005, -0.11203687638044357, 0.8086371421813965, 0.5434313416481018, 43, 0)
(-0.19826778769493103, -0.11448118835687637, 0.8125977516174316, 0.5359745025634766, 43, 0)
(-0.20067664980888367, -0.11565542221069336, 0.8168288469314575, 0.5283397436141968, 43, 0)
(-0.2021641731262207, -0.11652842909097672, 0.8258845210075378, 0.5132884979248047, 43, 0)
(-0.20140831172466278, -0.11734907329082489, 0.8302231431007385, 0.5063528418540955, 43, 0)
(-0.19970105588436127, -0.11828792840242386, 0.833694338798523, 0.501079797744751, 43, 0)
(-0.1972627341747284, -0.12240810692310333, 0.8381155729293823, 0.49362504482269287, 43, 0)
(-0.19784139096736908, -0.13042400777339935, 0.8402244448661804, 0.487720251083374, 43, 0)
(-0.19757752120494843, -0.13700783252716064, 0.8405258655548096, 0.48549777269363403, 43, 0)
(-0.197585791349411, -0.14513497054576874, 0.8394356369972229, 0.48501884937286377, 43, 0)
(-0.1975570172071457, -0.15338681638240814, 0.835908830165863, 0.4885689616203308, 43, 0)
(-0.19480568170547485, -0.1576516330242157, 0.8290988206863403, 0.4997914731502533, 43, 0)
(-0.19197483360767365, -0.15949997305870056, 0.8250630497932434, 0.506928026676178, 43, 0)
(-0.18800902366638184, -0.1621251106262207, 0.823284387588501, 0.5104610323905945, 43, 0)
(-0.17835377156734467, -0.16937778890132904, 0.8191925287246704, 0.5180966854095459, 43, 0)
(-0.16717004776000977, -0.17511868476867676, 0.8157890439033508, 0.5252386331558228, 43, 0)
(-0.1556231677532196, -0.17885291576385498, 0.8152115941047668, 0.5284152626991272, 43, 0)
(-0.14800681173801422, -0.17907072603702545, 0.8116536140441895, 0.535953164100647, 43, 0)
(-0.14590899646282196, -0.179302379488945, 0.8103781342506409, 0.5383753180503845, 43, 0)
(-0.1461271047592163, -0.17931318283081055, 0.8111257553100586, 0.5371857285499573, 43, 0)
(-0.1431741565465927, -0.17119349539279938, 0.8181694149971008, 0.5298984050750732, 43, 0)
(-0.13735578954219818, -0.16555413603782654, 0.8232900500297546, 0.5252792835235596, 43, 0)
(-0.1272510141134262, -0.1569724678993225, 0.8302910327911377, 0.5194067358970642, 43, 0)
(-0.1207599937915802, -0.15112385153770447, 0.8345240354537964, 0.5158953070640564, 43, 0)
(-0.1104934811592102, -0.14102135598659515, 0.8403874635696411, 0.5115202069282532, 43, 0)
(-0.09951126575469971, -0.12437866628170013, 0.8444944620132446, 0.5113277435302734, 43, 0)
(-0.09508882462978363, -0.11206787079572678, 0.8456960320472717, 0.5130271315574646, 43, 0)
(-0.09516584128141403, -0.10924822837114334, 0.8431191444396973, 0.517839789390564, 43, 0)
