<YEI3Space WL:12000861>


           R,                   i,                  j,                    k,        %,  Button

(-0.1651931256055832, -0.5574511289596558, 0.09460054337978363, -0.8080905079841614, 4, 0)
(-0.16481932997703552, -0.5572140216827393, 0.09433701634407043, -0.808361291885376, 4, 0)
(-0.16454224288463593, -0.5568021535873413, 0.09442887455224991, -0.8086905479431152, 4, 0)
(-0.16413536667823792, -0.5565407276153564, 0.09439951181411743, -0.8089567422866821, 4, 0)
(-0.16245248913764954, -0.5565723776817322, 0.09442120790481567, -0.8092719912528992, 4, 0)
(-0.16124774515628815, -0.5562608242034912, 0.09505608677864075, -0.8096527457237244, 4, 0)
(-0.15860678255558014, -0.5569093227386475, 0.09494385123252869, -0.809741735458374, 4, 0)
(-0.15671585500240326, -0.5575478076934814, 0.09501998126506805, -0.8096616864204407, 4, 0)
(-0.1532585471868515, -0.5584516525268555, 0.09650233387947083, -0.8095252513885498, 4, 0)
(-0.14573770761489868, -0.5595949292182922, 0.10038288682699203, -0.80965256690979, 4, 0)
(-0.13505402207374573, -0.5608556270599365, 0.10776874423027039, -0.8096835017204285, 4, 0)
(-0.11983458697795868, -0.5617326498031616, 0.12048786133527756, -0.809678316116333, 4, 0)
(-0.09799221903085709, -0.5621842741966248, 0.13845379650592804, -0.8094300031661987, 4, 0)
(-0.08532621711492538, -0.5621784925460815, 0.1501084268093109, -0.8087906837463379, 4, 0)
(-0.06477746367454529, -0.5616607069969177, 0.16914957761764526, -0.8072978258132935, 4, 0)
(-0.04935738071799278, -0.5607113838195801, 0.18346530199050903, -0.8059202432632446, 4, 0)
(-0.015722939744591713, -0.5579074621200562, 0.21372690796852112, -0.8017561435699463, 4, 0)
(-0.007166191004216671, -0.5570889115333557, 0.2216181457042694, -0.8003038167953491, 4, 0)
(0.013675459660589695, -0.5539875030517578, 0.24035009741783142, -0.7969583868980408, 4, 0)
(0.040779951959848404, -0.5491191148757935, 0.26615655422210693, -0.7911801338195801, 4, 0)
(0.05926515534520149, -0.5446480512619019, 0.2855599522590637, -0.7863216400146484, 4, 0)
(0.08746298402547836, -0.5359756946563721, 0.3158358633518219, -0.7780283689498901, 4, 0)
(0.12841247022151947, -0.5213136672973633, 0.35896462202072144, -0.7634702324867249, 4, 0)
(0.16413094103336334, -0.5074402093887329, 0.39521270990371704, -0.7479122281074524, 4, 0)
(0.18962737917900085, -0.4975122809410095, 0.4203825891017914, -0.7347118258476257, 4, 0)
(0.22627249360084534, -0.48221221566200256, 0.4573877155780792, -0.7120876312255859, 4, 0)
(0.26176032423973083, -0.46577760577201843, 0.49506184458732605, -0.685161828994751, 4, 0)
(0.30913448333740234, -0.440372109413147, 0.5475388765335083, -0.6408662796020508, 4, 0)
(0.35727453231811523, -0.41232830286026, 0.5986911058425903, -0.5864380598068237, 4, 0)
(0.4001997709274292, -0.38743478059768677, 0.6373635530471802, -0.5324491858482361, 4, 0)
(0.42790040373802185, -0.37004345655441284, 0.6614741086959839, -0.49236300587654114, 4, 0)
(0.4519689679145813, -0.3513922393321991, 0.6845650672912598, -0.4512411057949066, 4, 0)
(0.48091089725494385, -0.3246212601661682, 0.7131243944168091, -0.39344558119773865, 4, 0)
(0.5004311800003052, -0.30434074997901917, 0.7316892743110657, -0.34867775440216064, 4, 0)
(0.5161621570587158, -0.2859676480293274, 0.7473381161689758, -0.30542582273483276, 4, 0)
(0.5312622785568237, -0.2604268491268158, 0.7674763202667236, -0.2468165010213852, 4, 0)
(0.5382406115531921, -0.2382488250732422, 0.7832169532775879, -0.20026494562625885, 4, 0)
(0.5425060391426086, -0.203861802816391, 0.8025608062744141, -0.14150649309158325, 4, 0)
(0.5445066094398499, -0.17182184755802155, 0.8147462606430054, -0.10089005529880524, 4, 0)
(0.546513557434082, -0.1376490294933319, 0.8237560391426086, -0.06165916845202446, 4, 0)
(0.5467937588691711, -0.09323173016309738, 0.8320444822311401, -0.005162376444786787, 4, 0)
(0.54201340675354, -0.06047169491648674, 0.8371595740318298, 0.04157961532473564, 4, 0)
(0.533244788646698, -0.029269780963659286, 0.8412070870399475, 0.08464115113019943, 4, 0)
(0.5236570239067078, 0.0017093895003199577, 0.8432082533836365, 0.12157472968101501, 4, 0)
(0.512908399105072, 0.04059313237667084, 0.8423705697059631, 0.16027794778347015, 4, 0)
(0.5059458613395691, 0.06764808297157288, 0.8398904800415039, 0.18446309864521027, 4, 0)
(0.49798646569252014, 0.0947757139801979, 0.8356547355651855, 0.21144361793994904, 4, 0)
(0.49234503507614136, 0.10839010775089264, 0.8328590393066406, 0.22845983505249023, 4, 0)
(0.4866724908351898, 0.11824741959571838, 0.8304169774055481, 0.2440800815820694, 4, 0)
(0.4820528030395508, 0.12335284799337387, 0.8289838433265686, 0.25533318519592285, 4, 0)
(0.47278594970703125, 0.12640509009361267, 0.8266370892524719, 0.27778854966163635, 4, 0)
(0.45371899008750916, 0.12792924046516418, 0.8265896439552307, 0.3074459135532379, 4, 0)
(0.4446223974227905, 0.1286524534225464, 0.8276406526565552, 0.3174438178539276, 4, 0)
(0.43424540758132935, 0.1257750242948532, 0.8291943073272705, 0.32870712876319885, 4, 0)
(0.43065160512924194, 0.1300911009311676, 0.8269276022911072, 0.3373520076274872, 4, 0)
(0.4324862062931061, 0.1416170597076416, 0.8208351731300354, 0.3451523780822754, 4, 0)
(0.43382230401039124, 0.14766187965869904, 0.8163652420043945, 0.3514854311943054, 4, 0)
(0.43802449107170105, 0.14681598544120789, 0.8131890892982483, 0.3539819121360779, 4, 0)
(0.44061800837516785, 0.14777472615242004, 0.8101626038551331, 0.3572884202003479, 4, 0)
(0.4468262493610382, 0.14445018768310547, 0.8092613220214844, 0.35295456647872925, 4, 0)
(0.44135481119155884, 0.14896614849567413, 0.811427116394043, 0.3529890477657318, 4, 0)
(0.4390204846858978, 0.14841704070568085, 0.8140164017677307, 0.3501582443714142, 4, 0)
(0.4425170421600342, 0.1436091661453247, 0.8147879242897034, 0.34594231843948364, 4, 0)
(0.4416469633579254, 0.14247378706932068, 0.8102262616157532, 0.3580261468887329, 4, 0)
(0.44466307759284973, 0.13919572532176971, 0.805325448513031, 0.36653852462768555, 4, 0)
(0.44815632700920105, 0.13835391402244568, 0.7968328595161438, 0.3808826506137848, 4, 0)
(0.4491817057132721, 0.13364604115486145, 0.7872699499130249, 0.4007253348827362, 4, 0)
(0.4493235647678375, 0.13263723254203796, 0.7825979590415955, 0.4099467694759369, 4, 0)
(0.44898632168769836, 0.13197113573551178, 0.7772608399391174, 0.4205480217933655, 4, 0)
(0.4435492753982544, 0.1299840658903122, 0.7762650847434998, 0.42869672179222107, 4, 0)
(0.4369826912879944, 0.12839452922344208, 0.7759942412376404, 0.43634170293807983, 4, 0)
(0.43241289258003235, 0.1284644603729248, 0.7742167115211487, 0.44396457076072693, 4, 0)
(0.426179438829422, 0.12984544038772583, 0.7727911472320557, 0.4520013630390167, 4, 0)
(0.4205613136291504, 0.1330122947692871, 0.7725081443786621, 0.4568009674549103, 4, 0)
(0.4172040820121765, 0.1394800990819931, 0.7680049538612366, 0.4654616415500641, 4, 0)
(0.414619505405426, 0.14423884451389313, 0.7610290050506592, 0.4776199758052826, 4, 0)
(0.41447004675865173, 0.14642703533172607, 0.7521688938140869, 0.49093374609947205, 4, 0)
(0.41725683212280273, 0.15134760737419128, 0.7308071851730347, 0.518566906452179, 4, 0)
(0.4153681993484497, 0.1486278623342514, 0.715676486492157, 0.5414668321609497, 4, 0)
(0.41421473026275635, 0.14625997841358185, 0.7058685421943665, 0.5556831955909729, 4, 0)
(0.40481171011924744, 0.14194101095199585, 0.6831392645835876, 0.5910170674324036, 4, 0)
(0.4007931053638458, 0.1406911015510559, 0.6688616871833801, 0.6100779175758362, 4, 0)
(0.39929091930389404, 0.14113067090511322, 0.6513338685035706, 0.6296135783195496, 4, 0)
(0.39913272857666016, 0.1416683793067932, 0.6467064619064331, 0.634345531463623, 4, 0)
(0.3986854553222656, 0.14561377465724945, 0.6269644498825073, 0.6532703638076782, 4, 0)
(0.39803072810173035, 0.15200121700763702, 0.6075111627578735, 0.6703712344169617, 4, 0)
(0.39809462428092957, 0.15831194818019867, 0.5911225080490112, 0.6833975911140442, 4, 0)
(0.3986678421497345, 0.165655255317688, 0.5746265649795532, 0.6952888369560242, 4, 0)
(0.3996905982494354, 0.17141032218933105, 0.5640354752540588, 0.7019473314285278, 4, 0)
(0.4020938277244568, 0.1842561811208725, 0.542608380317688, 0.7141053676605225, 4, 0)
(0.4039720892906189, 0.1948600560426712, 0.5272811651229858, 0.7216722965240479, 4, 0)
(0.4028819501399994, 0.20347860455513, 0.5118499398231506, 0.7309530973434448, 4, 0)
(0.39904671907424927, 0.20384955406188965, 0.5071156024932861, 0.7362343072891235, 4, 0)
(0.3959519565105438, 0.20276665687561035, 0.49647054076194763, 0.745402455329895, 4, 0)
(0.39210718870162964, 0.1997663974761963, 0.49157586693763733, 0.751464307308197, 4, 0)
(0.3927890360355377, 0.19895407557487488, 0.48260191082954407, 0.7571192979812622, 4, 0)
(0.3926295042037964, 0.19920042157173157, 0.47914692759513855, 0.7593283653259277, 4, 0)
(0.39155957102775574, 0.19821077585220337, 0.4691550135612488, 0.7663466930389404, 4, 0)
(0.39022770524024963, 0.19900953769683838, 0.4563460648059845, 0.7745102047920227, 4, 0)
(0.3761337697505951, 0.2008657455444336, 0.434813916683197, 0.7931667566299438, 4, 0)
(0.3557969331741333, 0.20198893547058105, 0.4092565178871155, 0.8155478835105896, 4, 0)
(0.3490115702152252, 0.20266656577587128, 0.4018682539463043, 0.8219608068466187, 4, 0)
(0.32507961988449097, 0.20901501178741455, 0.37520694732666016, 0.8425293564796448, 4, 0)
(0.2918246388435364, 0.22929568588733673, 0.3319636583328247, 0.867215096950531, 4, 0)
(0.2732601463794708, 0.24243903160095215, 0.3032532334327698, 0.8801078200340271, 4, 0)
(0.25905144214630127, 0.2555117905139923, 0.2735839784145355, 0.8903696537017822, 4, 0)
(0.24138018488883972, 0.27558833360671997, 0.22398266196250916, 0.9031159281730652, 4, 0)
(0.21429258584976196, 0.30147597193717957, 0.1498204618692398, 0.9169215559959412, 4, 0)
(0.18087580800056458, 0.32288652658462524, 0.06755903363227844, 0.9265334606170654, 4, 0)
(0.1592811942100525, 0.33124175667762756, 0.023254312574863434, 0.9297139048576355, 4, 0)
(0.12335627526044846, 0.33884507417678833, -0.03834901750087738, 0.9319317936897278, 4, 0)
(0.07749591767787933, 0.34119975566864014, -0.10683435201644897, 0.9306792616844177, 4, 0)
(0.04718106612563133, 0.34017083048820496, -0.15438270568847656, 0.9264037609100342, 4, 0)
(0.01997583918273449, 0.33854058384895325, -0.20145773887634277, 0.9189157485961914, 4, 0)
(0.0038921311497688293, 0.3372269868850708, -0.23136106133460999, 0.9125431180000305, 4, 0)
(-0.00951819121837616, 0.3357623219490051, -0.2579934298992157, 0.9058767557144165, 4, 0)
(-0.02525065280497074, 0.333187997341156, -0.2916422486305237, 0.8962661623954773, 4, 0)
(-0.03902313858270645, 0.32905471324920654, -0.3226766288280487, 0.8866116404533386, 4, 0)
(-0.05185573548078537, 0.322103351354599, -0.35278406739234924, 0.8769857287406921, 4, 0)
(-0.0631444975733757, 0.3175903558731079, -0.37797680497169495, 0.8673424124717712, 4, 0)
(-0.06785734742879868, 0.31499162316322327, -0.3897567689418793, 0.8627082705497742, 4, 0)
(-0.07667262852191925, 0.3142852485179901, -0.40926918387413025, 0.8531383275985718, 4, 0)
(-0.07908466458320618, 0.3113771975040436, -0.42428058385849, 0.8466262221336365, 4, 0)
(-0.07762034982442856, 0.314767986536026, -0.43295443058013916, 0.8410985469818115, 4, 0)
(-0.07326654344797134, 0.3221356272697449, -0.4426385760307312, 0.8336257934570312, 4, 0)
(-0.06816554069519043, 0.33522307872772217, -0.44645142555236816, 0.8268374800682068, 4, 0)
(-0.06877157092094421, 0.33658313751220703, -0.45844340324401855, 0.8196414709091187, 4, 0)
(-0.06822269409894943, 0.33777642250061035, -0.46096253395080566, 0.8177814483642578, 4, 0)
(-0.07173845916986465, 0.34277868270874023, -0.4706985354423523, 0.8098143935203552, 4, 0)
(-0.07545613497495651, 0.3490693271160126, -0.48326873779296875, 0.7993174195289612, 4, 0)
(-0.07841689139604568, 0.34933382272720337, -0.5009068250656128, 0.7879780530929565, 4, 0)
(-0.08071010559797287, 0.3478894531726837, -0.5215455293655396, 0.7748866677284241, 4, 0)
(-0.08181802928447723, 0.3440788984298706, -0.5433619022369385, 0.7613629698753357, 4, 0)
(-0.07918279618024826, 0.3368711471557617, -0.566470742225647, 0.7479029893875122, 4, 0)
(-0.0749034434556961, 0.3296039402484894, -0.583274245262146, 0.7386082410812378, 4, 0)
(-0.06935861706733704, 0.3225780129432678, -0.5992612242698669, 0.7293962240219116, 4, 0)
(-0.06203625351190567, 0.3133261799812317, -0.6228198409080505, 0.7141945958137512, 4, 0)
(-0.06001029163599014, 0.3065125346183777, -0.6545658111572266, 0.688471257686615, 4, 0)
(-0.06567451357841492, 0.30285972356796265, -0.6819984912872314, 0.6624508500099182, 4, 0)
(-0.09300467371940613, 0.29745784401893616, -0.7285640835762024, 0.6099700927734375, 4, 0)
(-0.13481809198856354, 0.283824622631073, -0.7764137387275696, 0.5463054776191711, 4, 0)
(-0.18084222078323364, 0.26051074266433716, -0.8244758248329163, 0.4686896800994873, 4, 0)
(-0.20985835790634155, 0.2532634735107422, -0.8576697111129761, 0.39524656534194946, 4, 0)
(-0.2151002734899521, 0.25976353883743286, -0.8671154975891113, 0.36655932664871216, 4, 0)
(-0.21389269828796387, 0.26446104049682617, -0.8768302202224731, 0.3398222029209137, 4, 0)
(-0.21720239520072937, 0.28219377994537354, -0.8891234993934631, 0.2874878942966461, 4, 0)
(-0.2255372405052185, 0.283707857131958, -0.8911380767822266, 0.2729758322238922, 4, 0)
(-0.23257173597812653, 0.2811693251132965, -0.8912627696990967, 0.2692674696445465, 4, 0)
(-0.24203483760356903, 0.28603097796440125, -0.8908402919769287, 0.2569223940372467, 4, 0)
(-0.24422603845596313, 0.28612974286079407, -0.8932105302810669, 0.24628973007202148, 4, 0)
(-0.2462698221206665, 0.28639259934425354, -0.8956101536750793, 0.2349746823310852, 4, 0)
(-0.24901627004146576, 0.28660356998443604, -0.8976593017578125, 0.22373470664024353, 4, 0)
(-0.254499614238739, 0.28738245368003845, -0.8994117379188538, 0.20904557406902313, 4, 0)
(-0.2577900290489197, 0.28752148151397705, -0.8998798727989197, 0.20271147787570953, 4, 0)
(-0.2626611888408661, 0.2849190831184387, -0.9007819890975952, 0.19601596891880035, 4, 0)
(-0.26931682229042053, 0.28062811493873596, -0.9021050930023193, 0.18687672913074493, 4, 0)
(-0.2728631794452667, 0.2771328389644623, -0.9036563634872437, 0.17929990589618683, 4, 0)
(-0.27741608023643494, 0.25828877091407776, -0.9111671447753906, 0.16156086325645447, 4, 0)
(-0.28057679533958435, 0.2486369013786316, -0.9160537719726562, 0.14248456060886383, 4, 0)
(-0.28292790055274963, 0.2446630895137787, -0.9189855456352234, 0.12473030388355255, 4, 0)
(-0.2852434813976288, 0.24078543484210968, -0.9213016033172607, 0.10891379415988922, 4, 0)
(-0.28827646374702454, 0.2355767786502838, -0.9234303832054138, 0.09314902126789093, 4, 0)
(-0.2926170527935028, 0.22705374658107758, -0.925852358341217, 0.0749640166759491, 4, 0)
(-0.2977496087551117, 0.22100330889225006, -0.926702082157135, 0.0610436275601387, 4, 0)
(-0.30596011877059937, 0.2142091542482376, -0.92705899477005, 0.03262673690915108, 4, 0)
(-0.310649037361145, 0.21148087084293365, -0.9266166090965271, 0.012442287057638168, 4, 0)
(-0.31912925839424133, 0.2048868089914322, -0.9246671199798584, -0.034187622368335724, 4, 0)
(-0.32272869348526, 0.1968652606010437, -0.9216694831848145, -0.08726896345615387, 4, 0)
(-0.32345178723335266, 0.19244961440563202, -0.9194560647010803, -0.11376675963401794, 4, 0)
(-0.32467398047447205, 0.18101276457309723, -0.9143931269645691, -0.16033250093460083, 4, 0)
(-0.32466429471969604, 0.16557860374450684, -0.909005880355835, -0.2022009789943695, 4, 0)
(-0.3242608308792114, 0.15096591413021088, -0.9048411250114441, -0.23092597723007202, 4, 0)
(-0.32442495226860046, 0.1342981606721878, -0.8996734619140625, -0.25942277908325195, 4, 0)
(-0.32530075311660767, 0.11516495794057846, -0.8919268846511841, -0.29220351576805115, 4, 0)
(-0.32475796341896057, 0.09502516686916351, -0.8826085329055786, -0.3263508379459381, 4, 0)
(-0.32133108377456665, 0.0661802813410759, -0.8662456274032593, -0.37680914998054504, 4, 0)
(-0.31660494208335876, 0.03441587835550308, -0.8402225971221924, -0.43886566162109375, 4, 0)
(-0.3127433955669403, 0.012952790595591068, -0.817783534526825, -0.48296380043029785, 4, 0)
(-0.30933502316474915, -0.008660169318318367, -0.7990388870239258, -0.5155325531959534, 4, 0)
(-0.3073766231536865, -0.03414623439311981, -0.78033447265625, -0.5435364246368408, 4, 0)
(-0.3037981688976288, -0.06118133291602135, -0.7621080875396729, -0.5684672594070435, 4, 0)
(-0.2956312596797943, -0.09503374248743057, -0.7365014553070068, -0.6009463667869568, 4, 0)
(-0.2858049273490906, -0.11663886904716492, -0.7125200033187866, -0.6301001310348511, 4, 0)
(-0.26837024092674255, -0.14047014713287354, -0.6745145916938782, -0.67325758934021, 4, 0)
(-0.2474423348903656, -0.15997344255447388, -0.6375558972358704, -0.7118311524391174, 4, 0)
(-0.22953304648399353, -0.17489595711231232, -0.6093927621841431, -0.7384894490242004, 4, 0)
(-0.19040729105472565, -0.2070615589618683, -0.5498008131980896, -0.7865046262741089, 4, 0)
(-0.15698139369487762, -0.23913447558879852, -0.4893617630004883, -0.8238305449485779, 4, 0)
(-0.13415244221687317, -0.26521462202072144, -0.4300801753997803, -0.8524643778800964, 4, 0)
(-0.13941136002540588, -0.2897014617919922, -0.37289702892303467, -0.8703940510749817, 4, 0)
(-0.13827228546142578, -0.3000968396663666, -0.3455422818660736, -0.8783071041107178, 4, 0)
(-0.13997958600521088, -0.31114596128463745, -0.3078460097312927, -0.8881582021713257, 4, 0)
(-0.14238031208515167, -0.32015982270240784, -0.27968478202819824, -0.8938692212104797, 4, 0)
(-0.1437358558177948, -0.3277565538883209, -0.25478118658065796, -0.8983330726623535, 4, 0)
(-0.14465326070785522, -0.3343386948108673, -0.23114438354969025, -0.9021449089050293, 4, 0)
(-0.14606548845767975, -0.3419913053512573, -0.20437069237232208, -0.9055051803588867, 4, 0)
(-0.15436390042304993, -0.35245445370674133, -0.19312840700149536, -0.9025792479515076, 4, 0)
(-0.17041274905204773, -0.355177640914917, -0.19237831234931946, -0.8987764120101929, 4, 0)
(-0.20451965928077698, -0.35933396220207214, -0.19340196251869202, -0.8897452354431152, 4, 0)
(-0.22445648908615112, -0.3646623194217682, -0.1833619624376297, -0.8848837614059448, 4, 0)
(-0.25754666328430176, -0.37162694334983826, -0.16257283091545105, -0.877002477645874, 4, 0)
(-0.2744004726409912, -0.37530139088630676, -0.14542271196842194, -0.8733302354812622, 4, 0)
(-0.280324250459671, -0.37719646096229553, -0.1290048360824585, -0.8732119202613831, 4, 0)
(-0.27469903230667114, -0.3754950761795044, -0.1120826005935669, -0.8780555725097656, 4, 0)
(-0.262269526720047, -0.36900097131729126, -0.11241383105516434, -0.8845430612564087, 4, 0)
(-0.2598187029361725, -0.3623815178871155, -0.10973826050758362, -0.8883308172225952, 4, 0)
(-0.2616577446460724, -0.35638993978500366, -0.10088438540697098, -0.8912599086761475, 4, 0)
(-0.26625147461891174, -0.3528766334056854, -0.09597780555486679, -0.8918388485908508, 4, 0)
(-0.2704179286956787, -0.3485536575317383, -0.09036524593830109, -0.892871081829071, 4, 0)
(-0.26944637298583984, -0.34628623723983765, -0.08772245794534683, -0.8943094611167908, 4, 0)
(-0.2686413824558258, -0.3443392515182495, -0.08539240807294846, -0.8955281376838684, 4, 0)
(-0.26781314611434937, -0.3434493839740753, -0.08197207748889923, -0.8964369893074036, 4, 0)
(-0.26806142926216125, -0.3421028256416321, -0.078528992831707, -0.8971856236457825, 4, 0)
(-0.269105464220047, -0.34074029326438904, -0.07224442809820175, -0.8979194164276123, 4, 0)
(-0.2683616876602173, -0.34134963154792786, -0.0700058713555336, -0.8980879187583923, 4, 0)
(-0.26728492975234985, -0.3424745202064514, -0.06832113862037659, -0.8981103897094727, 4, 0)
(-0.26494649052619934, -0.34382879734039307, -0.06851618736982346, -0.8982710242271423, 4, 0)
(-0.25929316878318787, -0.34313517808914185, -0.07822220772504807, -0.8993924260139465, 4, 0)
(-0.2538888156414032, -0.342935711145401, -0.0816028043627739, -0.9007089734077454, 4, 0)
(-0.24464428424835205, -0.3519967198371887, -0.07625554502010345, -0.9002404808998108, 4, 0)
(-0.24662847816944122, -0.35266193747520447, -0.07518153637647629, -0.8995286822319031, 4, 0)
(-0.2508636713027954, -0.3525063097476959, -0.06192821264266968, -0.8994285464286804, 4, 0)
(-0.24813972413539886, -0.3538927137851715, -0.023389890789985657, -0.9014652967453003, 4, 0)
(-0.24198009073734283, -0.357638418674469, 0.004099518060684204, -0.9019554853439331, 4, 0)
(-0.22431448101997375, -0.3565608561038971, 0.05181531608104706, -0.9054626822471619, 4, 0)
(-0.2118164598941803, -0.3536723554134369, 0.073396235704422, -0.9081093668937683, 4, 0)
(-0.19072015583515167, -0.35395240783691406, 0.10112869739532471, -0.9100092053413391, 4, 0)
(-0.17630627751350403, -0.3544701039791107, 0.12044693529605865, -0.9103624820709229, 4, 0)
(-0.15016883611679077, -0.3557775318622589, 0.16176144778728485, -0.9081327319145203, 4, 0)
(-0.1203431710600853, -0.35815876722335815, 0.21704015135765076, -0.9000741839408875, 4, 0)
(-0.08989272266626358, -0.3595275282859802, 0.2691762149333954, -0.8889340758323669, 4, 0)
(-0.041761696338653564, -0.35718590021133423, 0.3441145718097687, -0.867328941822052, 4, 0)
(0.003730916418135166, -0.34940481185913086, 0.4096263647079468, -0.8426795601844788, 4, 0)
(0.043314967304468155, -0.3384951055049896, 0.4680660665035248, -0.8151437640190125, 4, 0)
(0.08425474911928177, -0.3190667927265167, 0.5323595404624939, -0.7795453071594238, 4, 0)
(0.09974315017461777, -0.31007102131843567, 0.55617356300354, -0.764577329158783, 4, 0)
(0.11453108489513397, -0.3009829521179199, 0.5786994695663452, -0.7492656111717224, 4, 0)
(0.13911072909832, -0.28279027342796326, 0.6190720796585083, -0.71932452917099, 4, 0)
(0.15355868637561798, -0.26701706647872925, 0.6494659781455994, -0.6952092051506042, 4, 0)
(0.16723772883415222, -0.23617200553417206, 0.6966276168823242, -0.656478762626648, 4, 0)
(0.1727275401353836, -0.21756477653980255, 0.7198243141174316, -0.6361477971076965, 4, 0)
(0.1771756261587143, -0.20662683248519897, 0.7344279289245605, -0.6217153072357178, 4, 0)
(0.18457885086536407, -0.19088290631771088, 0.7563740015029907, -0.597823441028595, 4, 0)
(0.19544053077697754, -0.16847960650920868, 0.7884637117385864, -0.5583392977714539, 4, 0)
(0.2077457159757614, -0.139301598072052, 0.8281930088996887, -0.5015309453010559, 4, 0)
(0.21901753544807434, -0.11093354225158691, 0.8632742166519165, -0.44100189208984375, 4, 0)
(0.23170815408229828, -0.1078101098537445, 0.8780861496925354, -0.4045408070087433, 4, 0)
(0.257627934217453, -0.10908256471157074, 0.8959981203079224, -0.3448428213596344, 4, 0)
(0.2824907600879669, -0.111150823533535, 0.9154403209686279, -0.2642228305339813, 4, 0)
(0.29771509766578674, -0.11594124138355255, 0.9311636686325073, -0.17566339671611786, 4, 0)
(0.30806753039360046, -0.1256769895553589, 0.9372002482414246, -0.10466859489679337, 4, 0)
(0.3118496537208557, -0.13157975673675537, 0.9392542839050293, -0.056904811412096024, 4, 0)
(0.3132970929145813, -0.12858080863952637, 0.9401509165763855, -0.03779226168990135, 4, 0)
(0.31767159700393677, -0.12645083665847778, 0.9396109580993652, -0.015046326443552971, 4, 0)
(0.3200957775115967, -0.12631018459796906, 0.9389193654060364, -0.0038909208960831165, 4, 0)
(0.3207213878631592, -0.12531742453575134, 0.9388468265533447, 0.00018652714788913727, 4, 0)
(0.3210413157939911, -0.12409909069538116, 0.9386429190635681, 0.02194691076874733, 4, 0)
(0.32019633054733276, -0.12331114709377289, 0.938593327999115, 0.0362166091799736, 4, 0)
(0.3193124532699585, -0.12170597165822983, 0.9388138651847839, 0.04307941347360611, 4, 0)
(0.3183324337005615, -0.11986729502677917, 0.9390040636062622, 0.05067160353064537, 4, 0)
(0.31931671500205994, -0.11924727261066437, 0.9383931756019592, 0.05687960609793663, 4, 0)
(0.3209325969219208, -0.11947635561227798, 0.9374614953994751, 0.06239927560091019, 4, 0)
(0.32288849353790283, -0.12177370488643646, 0.9350960850715637, 0.08068248629570007, 4, 0)
(0.3216392695903778, -0.12266392260789871, 0.9323306083679199, 0.11073216050863266, 4, 0)
(0.3193728029727936, -0.1199057400226593, 0.9285672903060913, 0.1462412327528, 4, 0)
(0.3197203576564789, -0.1179211214184761, 0.9261863827705383, 0.16140815615653992, 4, 0)
(0.32036590576171875, -0.11492910236120224, 0.9218053817749023, 0.18555864691734314, 4, 0)
(0.31728118658065796, -0.11004433035850525, 0.9186275005340576, 0.20819854736328125, 4, 0)
(0.31346750259399414, -0.10190103948116302, 0.9116420745849609, 0.2454858273267746, 4, 0)
(0.3109182119369507, -0.09490134567022324, 0.9056980013847351, 0.27209365367889404, 4, 0)
(0.30581802129745483, -0.08476731181144714, 0.8989682197570801, 0.3019043207168579, 4, 0)
(0.29921892285346985, -0.07217781245708466, 0.8927338123321533, 0.32906660437583923, 4, 0)
(0.2937879264354706, -0.06289008259773254, 0.8880645632743835, 0.34795838594436646, 4, 0)
(0.29055649042129517, -0.05806054174900055, 0.8819047808647156, 0.3666740357875824, 4, 0)
(0.28795599937438965, -0.06353729963302612, 0.8768019676208496, 0.3798193335533142, 4, 0)
(0.2821614444255829, -0.08136630058288574, 0.8657708168029785, 0.40522271394729614, 4, 0)
(0.2796345055103302, -0.09228913486003876, 0.8534196615219116, 0.43007269501686096, 4, 0)
(0.27882152795791626, -0.09943411499261856, 0.8338074684143066, 0.4659792184829712, 4, 0)
(0.2845306396484375, -0.09878215193748474, 0.809349000453949, 0.5042209625244141, 4, 0)
(0.2929956912994385, -0.09349752962589264, 0.7897624373435974, 0.5307419300079346, 4, 0)
(0.306413859128952, -0.08237316459417343, 0.764633059501648, 0.5609470009803772, 4, 0)
(0.3145517110824585, -0.07315869629383087, 0.7535069584846497, 0.5726540088653564, 4, 0)
(0.32956627011299133, -0.05218679457902908, 0.7296273112297058, 0.5969143509864807, 4, 0)
(0.33845898509025574, -0.033944256603717804, 0.7022616267204285, 0.6253975033760071, 4, 0)
(0.34958115220069885, -0.00719755794852972, 0.6765726804733276, 0.6480669379234314, 4, 0)
(0.35868245363235474, 0.015638645738363266, 0.657622754573822, 0.6622951030731201, 4, 0)
(0.3609619736671448, 0.029425067827105522, 0.631060004234314, 0.6860057711601257, 4, 0)
(0.353582501411438, 0.036497727036476135, 0.5936441421508789, 0.7219653725624084, 4, 0)
(0.34481343626976013, 0.04227092117071152, 0.5528636574745178, 0.7574027180671692, 4, 0)
(0.3370671570301056, 0.051557645201683044, 0.5183871984481812, 0.784220814704895, 4, 0)
(0.3239772319793701, 0.07082303613424301, 0.464412122964859, 0.8211847543716431, 4, 0)
(0.31666100025177, 0.08445318043231964, 0.4309512674808502, 0.8407583832740784, 4, 0)
(0.3076845109462738, 0.10119552165269852, 0.38810867071151733, 0.8628218173980713, 4, 0)
(0.3021219074726105, 0.11045703291893005, 0.3612288534641266, 0.8752344846725464, 4, 0)
(0.29764634370803833, 0.11709798872470856, 0.3387520909309387, 0.8848401308059692, 4, 0)
(0.2900964319705963, 0.12724004685878754, 0.3056979179382324, 0.8978880047798157, 4, 0)
(0.2789124548435211, 0.14567627012729645, 0.2723875045776367, 0.9092807173728943, 4, 0)
(0.2660924196243286, 0.16919702291488647, 0.2347237914800644, 0.9194955229759216, 4, 0)
(0.2599234879016876, 0.1852768510580063, 0.2028050273656845, 0.9257336854934692, 4, 0)
(0.26006296277046204, 0.21284855902194977, 0.09231626987457275, 0.9373049736022949, 4, 0)
(0.24536490440368652, 0.22044356167316437, 0.0404871329665184, 0.9431657195091248, 4, 0)
(0.235481858253479, 0.22437871992588043, 0.02322441339492798, 0.9453376531600952, 4, 0)
(0.22455750405788422, 0.22827661037445068, 0.007021293044090271, 0.9473196864128113, 4, 0)
(0.2125289887189865, 0.2316410094499588, -0.009184509515762329, 0.9492573738098145, 4, 0)
(0.20726165175437927, 0.2337551862001419, -0.040577344596385956, 0.9490809440612793, 4, 0)
(0.1899356245994568, 0.2394045740365982, -0.08170614391565323, 0.9486485719680786, 4, 0)
(0.17092013359069824, 0.2448800802230835, -0.1013193279504776, 0.9489756226539612, 4, 0)
(0.1453249454498291, 0.2504567503929138, -0.12589436769485474, 0.9488428235054016, 4, 0)
(0.12536247074604034, 0.25153931975364685, -0.14783738553524017, 0.9482386708259583, 4, 0)
(0.11507922410964966, 0.2518216371536255, -0.15973353385925293, 0.947537899017334, 4, 0)
(0.10492759197950363, 0.25327062606811523, -0.16849461197853088, 0.9468125104904175, 4, 0)
(0.09291484206914902, 0.2583455741405487, -0.1755969375371933, 0.9454047083854675, 4, 0)
(0.08867323398590088, 0.26123568415641785, -0.17877322435379028, 0.9444222450256348, 4, 0)
(0.07771581411361694, 0.26214438676834106, -0.18780666589736938, 0.9433819651603699, 4, 0)
(0.0747908279299736, 0.2635613679885864, -0.1894070953130722, 0.942903459072113, 4, 0)
(0.0723956823348999, 0.2656681537628174, -0.1908060610294342, 0.9422169327735901, 4, 0)
(0.07017337530851364, 0.26070815324783325, -0.18036428093910217, 0.945820152759552, 4, 0)
(0.07684291154146194, 0.25515061616897583, -0.17760303616523743, 0.9473387598991394, 4, 0)
(0.09213042259216309, 0.2597150206565857, -0.16192598640918732, 0.9475443959236145, 4, 0)
(0.0929579809308052, 0.2636716663837433, -0.15360765159130096, 0.9477556943893433, 4, 0)
(0.09210869669914246, 0.26538723707199097, -0.14882324635982513, 0.9481231570243835, 4, 0)
(0.09166482836008072, 0.26418930292129517, -0.1446651816368103, 0.9491437077522278, 4, 0)
(0.0961804986000061, 0.26067885756492615, -0.16697531938552856, 0.9459995627403259, 4, 0)
(0.09746238589286804, 0.2595169246196747, -0.17810916900634766, 0.9441553354263306, 4, 0)
(0.09701675921678543, 0.2651749849319458, -0.19223764538764954, 0.9398483633995056, 4, 0)
(0.09398524463176727, 0.2643119692802429, -0.19558201730251312, 0.939709484577179, 4, 0)
(0.09381226450204849, 0.2654801905155182, -0.19547034800052643, 0.9394205212593079, 4, 0)
(0.09367121756076813, 0.2674798369407654, -0.1960902214050293, 0.9387380480766296, 4, 0)
(0.09401218593120575, 0.27050578594207764, -0.1961754709482193, 0.937818706035614, 4, 0)
(0.09437493234872818, 0.27252310514450073, -0.19617703557014465, 0.9371975064277649, 4, 0)
(0.09350010007619858, 0.27335450053215027, -0.1995546519756317, 0.9363296627998352, 4, 0)
(0.09217365086078644, 0.27298423647880554, -0.203268900513649, 0.9357699751853943, 4, 0)
(0.09067915380001068, 0.2729753255844116, -0.2100275605916977, 0.9344251751899719, 4, 0)
(0.09082238376140594, 0.27294233441352844, -0.21344104409217834, 0.9336471557617188, 4, 0)
(0.09349837899208069, 0.27422791719436646, -0.21981629729270935, 0.9315246939659119, 4, 0)
(0.09711901843547821, 0.27791377902030945, -0.22749032080173492, 0.9282135367393494, 4, 0)
(0.09803950041532516, 0.2803703546524048, -0.2334083914756775, 0.9259057641029358, 4, 0)
(0.09737669676542282, 0.28133708238601685, -0.2373085469007492, 0.9246902465820312, 4, 0)
(0.09569758176803589, 0.2829461991786957, -0.24376586079597473, 0.922692596912384, 4, 0)
(0.09448152780532837, 0.28406551480293274, -0.24955573678016663, 0.9209246039390564, 4, 0)
(0.09277096390724182, 0.28592589497566223, -0.26113826036453247, 0.9173040986061096, 4, 0)
(0.09184343367815018, 0.28715795278549194, -0.2710673213005066, 0.9141267538070679, 4, 0)
(0.09028191864490509, 0.28960859775543213, -0.2890439033508301, 0.9079811573028564, 4, 0)
(0.08626255393028259, 0.29253292083740234, -0.31107598543167114, 0.9001194834709167, 4, 0)
(0.07524972409009933, 0.2976493835449219, -0.34587299823760986, 0.8866308927536011, 4, 0)
(0.05970350652933121, 0.3159591853618622, -0.3944985866546631, 0.8607998490333557, 4, 0)
(0.04775095731019974, 0.330284982919693, -0.4319477379322052, 0.8378860354423523, 4, 0)
(0.03896491974592209, 0.3351899981498718, -0.4765627980232239, 0.8117990493774414, 4, 0)
(0.03841596096754074, 0.33182770013809204, -0.5127401351928711, 0.7908933162689209, 4, 0)
(0.039897821843624115, 0.324695885181427, -0.5841201543807983, 0.7428221106529236, 4, 0)
(0.016255270689725876, 0.3202115595340729, -0.6596396565437317, 0.6797618269920349, 4, 0)
(0.004720678552985191, 0.317211776971817, -0.6864961385726929, 0.6542764902114868, 4, 0)
(-0.02510012313723564, 0.3093841075897217, -0.7402676939964294, 0.5963684916496277, 4, 0)
(-0.09924507886171341, 0.2818015217781067, -0.8332127332687378, 0.46529027819633484, 4, 0)
(-0.117985300719738, 0.27178558707237244, -0.8520317077636719, 0.43157196044921875, 4, 0)
(-0.178011953830719, 0.22631123661994934, -0.9061910510063171, 0.309698224067688, 4, 0)
(-0.24495598673820496, 0.18287324905395508, -0.9359300136566162, 0.17489682137966156, 4, 0)
(-0.2769678235054016, 0.18381452560424805, -0.9336107969284058, 0.13368713855743408, 4, 0)
(-0.2882779538631439, 0.1770443171262741, -0.9350704550743103, 0.10580440610647202, 4, 0)
(-0.29794102907180786, 0.15317806601524353, -0.940315306186676, 0.059791143983602524, 4, 0)
(-0.30717653036117554, 0.13181227445602417, -0.9424647092819214, 0.005351136438548565, 4, 0)
(-0.3116667866706848, 0.1161310076713562, -0.9421771764755249, -0.04098666459321976, 4, 0)
(-0.31164422631263733, 0.09536777436733246, -0.9403068423271179, -0.09800995886325836, 4, 0)
(-0.3107120394706726, 0.06436774134635925, -0.9346766471862793, -0.1602952778339386, 4, 0)
(-0.3104515075683594, 0.04227057099342346, -0.9294436573982239, -0.19485273957252502, 4, 0)
(-0.2970459461212158, 0.023633813485503197, -0.927187442779541, -0.2269994169473648, 4, 0)
(-0.28526899218559265, 0.004603607580065727, -0.9240829944610596, -0.2543054223060608, 4, 0)
(-0.27111613750457764, -0.0172454621642828, -0.9183876514434814, -0.28768545389175415, 4, 0)
(-0.2652897536754608, -0.028530273586511612, -0.9125761985778809, -0.3098585307598114, 4, 0)
(-0.26353931427001953, -0.035929396748542786, -0.9061539173126221, -0.32884836196899414, 4, 0)
(-0.2636282444000244, -0.043290428817272186, -0.8951744437217712, -0.3567756712436676, 4, 0)
(-0.26479849219322205, -0.04287546128034592, -0.8853325843811035, -0.3797760307788849, 4, 0)
(-0.2660156488418579, -0.04155042767524719, -0.8691527843475342, -0.4148287773132324, 4, 0)
(-0.2670406997203827, -0.04977927356958389, -0.8603881597518921, -0.43121200799942017, 4, 0)
(-0.26937761902809143, -0.055393390357494354, -0.8518703579902649, -0.4457401931285858, 4, 0)
(-0.275059312582016, -0.062481291592121124, -0.8402663469314575, -0.46302399039268494, 4, 0)
(-0.2784096896648407, -0.06839030981063843, -0.8248175382614136, -0.4873262941837311, 4, 0)
(-0.28012171387672424, -0.07459476590156555, -0.8048447966575623, -0.5178731083869934, 4, 0)
(-0.2789478302001953, -0.07785459607839584, -0.7908411622047424, -0.5391632914543152, 4, 0)
