<YEI3Space WL:12000861>


           R,                   i,                  j,                    k,        %,  Button

(-0.3504621386528015, 0.045209240168333054, -0.8209481835365295, 0.4485272169113159, 4, 3)
(-0.38877031207084656, 0.014598998241126537, -0.8232046365737915, 0.4134959578514099, 4, 0)
(-0.4218992292881012, -0.015172529965639114, -0.8176151514053345, 0.3915053904056549, 4, 0)
(-0.43596237897872925, -0.03292758762836456, -0.8100156188011169, 0.39080384373664856, 4, 0)
(-0.4477502107620239, -0.051301565021276474, -0.80052250623703, 0.3950340449810028, 4, 0)
(-0.4630690813064575, -0.07797881960868835, -0.7839122414588928, 0.4061625301837921, 4, 0)
(-0.5093218684196472, -0.13713762164115906, -0.7388628721237183, 0.4193642735481262, 4, 0)
(-0.5464974641799927, -0.15786519646644592, -0.714227020740509, 0.40779775381088257, 4, 0)
(-0.5651726722717285, -0.17141781747341156, -0.7039377093315125, 0.39454758167266846, 4, 0)
(-0.5709185600280762, -0.17569518089294434, -0.7010407447814941, 0.38951927423477173, 4, 0)
(-0.5744917988777161, -0.17936833202838898, -0.6972854137420654, 0.3893319368362427, 4, 0)
(-0.5723099112510681, -0.17818014323711395, -0.6964033842086792, 0.394633948802948, 4, 0)
(-0.5622853636741638, -0.17234854400157928, -0.6989184021949768, 0.40699419379234314, 4, 0)
(-0.546333909034729, -0.1630677729845047, -0.7039328813552856, 0.42356446385383606, 4, 0)
(-0.5335919857025146, -0.1552141010761261, -0.7072457075119019, 0.4370262622833252, 4, 0)
(-0.5132238268852234, -0.14245066046714783, -0.7135705947875977, 0.45511147379875183, 4, 0)
(-0.4894220232963562, -0.12927353382110596, -0.7260630130767822, 0.46538904309272766, 4, 0)
(-0.47157612442970276, -0.12017033994197845, -0.7375673055648804, 0.46815547347068787, 4, 0)
(-0.4228357672691345, -0.09819868952035904, -0.7683151364326477, 0.47038158774375916, 4, 0)
(-0.37167370319366455, -0.08251620829105377, -0.7932133674621582, 0.4752500355243683, 4, 0)
(-0.3375474810600281, -0.0718865841627121, -0.8059484362602234, 0.48097941279411316, 4, 0)
(-0.25811344385147095, -0.0440751351416111, -0.8318172097206116, 0.4894029200077057, 4, 0)
(-0.21146085858345032, -0.023048650473356247, -0.8465192317962646, 0.488014817237854, 4, 0)
(-0.11903136968612671, 0.028813010081648827, -0.8723185062408447, 0.4733518362045288, 4, 0)
(-0.059312108904123306, 0.07800126820802689, -0.8839319348335266, 0.4572334587574005, 4, 0)
(-0.001867387443780899, 0.12996365129947662, -0.8817751407623291, 0.4534079134464264, 4, 0)
(0.06767281144857407, 0.17751544713974, -0.8678160905838013, 0.45913422107696533, 4, 0)
(0.14050239324569702, 0.20966197550296783, -0.8474769592285156, 0.46699434518814087, 4, 0)
(0.19761905074119568, 0.22136929631233215, -0.8237521648406982, 0.4830889403820038, 4, 0)
(0.2290739119052887, 0.21615979075431824, -0.796392560005188, 0.5162935256958008, 4, 0)
(0.2402060329914093, 0.21404986083507538, -0.7741896510124207, 0.5450818538665771, 4, 0)
(0.2684727609157562, 0.21741993725299835, -0.7319692373275757, 0.5872580409049988, 4, 0)
(0.32229849696159363, 0.22667506337165833, -0.6730339527130127, 0.6259133815765381, 4, 0)
(0.33661237359046936, 0.23446932435035706, -0.6574349403381348, 0.6320567727088928, 4, 0)
(0.34658798575401306, 0.2615548372268677, -0.6315500736236572, 0.6423476338386536, 4, 0)
(0.3518523573875427, 0.28922542929649353, -0.6010341644287109, 0.656739354133606, 4, 0)
(0.36435192823410034, 0.3049617409706116, -0.5769695043563843, 0.6643436551094055, 4, 0)
(0.37291833758354187, 0.3098394572734833, -0.5661261081695557, 0.6666579246520996, 4, 0)
(0.3804630637168884, 0.30854901671409607, -0.5564475655555725, 0.6711271405220032, 4, 0)
(0.3866480588912964, 0.30399656295776367, -0.5474041700363159, 0.6770807504653931, 4, 0)
(0.39424002170562744, 0.30126434564590454, -0.5376634001731873, 0.6817130446434021, 4, 0)
(0.40766555070877075, 0.2966836988925934, -0.5193687677383423, 0.6899592280387878, 4, 0)
(0.43718409538269043, 0.2864270508289337, -0.473374605178833, 0.7090460062026978, 4, 0)
(0.4451800286769867, 0.29757457971572876, -0.4582037329673767, 0.7094459533691406, 4, 0)
(0.44545432925224304, 0.3224589228630066, -0.46150195598602295, 0.6961371302604675, 4, 0)
(0.4473975598812103, 0.3481671214103699, -0.46849387884140015, 0.6775903105735779, 4, 0)
(0.450074702501297, 0.369537353515625, -0.47225403785705566, 0.6617032885551453, 4, 0)
(0.4519670903682709, 0.3867599070072174, -0.4743117392063141, 0.6489768624305725, 4, 0)
(0.4536459147930145, 0.426919162273407, -0.47583383321762085, 0.6209087371826172, 4, 0)
(0.4545086622238159, 0.484241783618927, -0.466877281665802, 0.5839155912399292, 4, 0)
(0.46088987588882446, 0.49039071798324585, -0.4719860255718231, 0.5694969296455383, 4, 0)
(0.46933913230895996, 0.4976634979248047, -0.4853513836860657, 0.5445052981376648, 4, 0)
(0.47752708196640015, 0.5049479007720947, -0.495897501707077, 0.5206547975540161, 4, 0)
(0.48501747846603394, 0.5104394555091858, -0.5010114908218384, 0.5031872391700745, 4, 0)
(0.49381425976753235, 0.5232949256896973, -0.5089523792266846, 0.4725225269794464, 4, 0)
(0.4975447654724121, 0.539932370185852, -0.5082712173461914, 0.45009201765060425, 4, 0)
(0.49065637588500977, 0.5584866404533386, -0.4868681728839874, 0.4585942327976227, 4, 0)
(0.49318909645080566, 0.5799883604049683, -0.4802209138870239, 0.435621440410614, 4, 0)
(0.4977305233478546, 0.6240192651748657, -0.5261107683181763, 0.2933804392814636, 4, 0)
(0.5607821345329285, 0.5740207433700562, -0.5936217904090881, 0.060307689011096954, 4, 0)
(0.5754925608634949, 0.4617978632450104, -0.6736184358596802, -0.0423012301325798, 4, 0)
(0.5340046882629395, 0.326341837644577, -0.7587361335754395, -0.18071997165679932, 4, 0)
(0.5585182905197144, 0.23429003357887268, -0.7511345148086548, -0.2626071274280548, 4, 0)
(0.5654839277267456, 0.17602761089801788, -0.7491152286529541, -0.2967636287212372, 4, 0)
(0.5621103644371033, 0.14958755671977997, -0.7517334222793579, -0.3107292950153351, 4, 0)
(0.5519500374794006, 0.11444032937288284, -0.7593715786933899, -0.32497647404670715, 4, 0)
(0.539405345916748, 0.07302531599998474, -0.7666013240814209, -0.34063446521759033, 4, 0)
(0.5301707983016968, 0.05197044834494591, -0.7682304382324219, -0.3550211489200592, 4, 0)
(0.52248615026474, 0.04946541041135788, -0.7644423246383667, -0.37441906332969666, 4, 0)
(0.5281376838684082, 0.048362765461206436, -0.7609126567840576, -0.37382301688194275, 4, 0)
(0.5688268542289734, 0.050688184797763824, -0.7380664348602295, -0.35933947563171387, 4, 0)
(0.6130358576774597, 0.05398421734571457, -0.7095855474472046, -0.343163400888443, 4, 0)
(0.6428853869438171, 0.04185473173856735, -0.6851857900619507, -0.3398047983646393, 4, 0)
(0.6395175457000732, 0.040977705270051956, -0.6866624355316162, -0.3432682454586029, 4, 0)
(0.6424766778945923, 0.047916483134031296, -0.6827539205551147, -0.3446374833583832, 4, 0)
(0.6536000967025757, 0.058719292283058167, -0.6732999682426453, -0.34062659740448, 4, 0)
(0.6673354506492615, 0.07340073585510254, -0.6612952947616577, -0.33461081981658936, 4, 0)
(0.6877704858779907, 0.0941379964351654, -0.6433123350143433, -0.3228916823863983, 4, 0)
(0.7140029072761536, 0.11000732332468033, -0.617324709892273, -0.31146177649497986, 4, 0)
(0.7309175133705139, 0.12113776057958603, -0.5948314666748047, -0.3118664622306824, 4, 0)
(0.7428388595581055, 0.13705863058567047, -0.5777680277824402, -0.30917587876319885, 4, 0)
(0.7474750280380249, 0.1544245481491089, -0.5698316693305969, -0.30450960993766785, 4, 0)
(0.755074143409729, 0.20760981738567352, -0.5501582622528076, -0.2899782657623291, 4, 0)
(0.7574357390403748, 0.2540041506290436, -0.5313380360603333, -0.2818741798400879, 4, 0)
(0.759981095790863, 0.29046154022216797, -0.5123878717422485, -0.2748086452484131, 4, 1)
(0.7628130316734314, 0.3299311399459839, -0.48769623041152954, -0.2672349214553833, 4, 1)
(0.7642179727554321, 0.37985700368881226, -0.45252788066864014, -0.2586469352245331, 4, 1)
(0.764615535736084, 0.4058593511581421, -0.432489812374115, -0.2521789073944092, 4, 1)
(0.7640134692192078, 0.4286941885948181, -0.4140012562274933, -0.247200146317482, 4, 1)
(0.7593656778335571, 0.46976131200790405, -0.37974175810813904, -0.24183543026447296, 4, 1)
(0.7450512647628784, 0.5214988589286804, -0.3443293273448944, -0.2331848442554474, 4, 1)
(0.7375898361206055, 0.5413774251937866, -0.33127498626708984, -0.2304968386888504, 4, 1)
(0.7283488512039185, 0.5636186003684998, -0.31700652837753296, -0.22660335898399353, 4, 1)
(0.7226619124412537, 0.5758709907531738, -0.30950862169265747, -0.22435864806175232, 4, 1)
(0.7146152853965759, 0.5924335718154907, -0.29858604073524475, -0.22179721295833588, 4, 1)
(0.7001901268959045, 0.6195530295372009, -0.2790933847427368, -0.21907725930213928, 4, 1)
(0.6933742761611938, 0.6334409117698669, -0.2660139203071594, -0.21730539202690125, 4, 1)
(0.6907556056976318, 0.640421450138092, -0.257399320602417, -0.21555273234844208, 4, 1)
(0.6899794936180115, 0.6467893123626709, -0.24555674195289612, -0.21282389760017395, 4, 1)
(0.6934623718261719, 0.6487261056900024, -0.2330094873905182, -0.209693044424057, 4, 0)
(0.7033466100692749, 0.6441212296485901, -0.21183156967163086, -0.21339799463748932, 4, 0)
(0.7159474492073059, 0.6309573650360107, -0.19401079416275024, -0.22731493413448334, 4, 0)
(0.7190070152282715, 0.6269901394844055, -0.19106845557689667, -0.23109596967697144, 4, 0)
(0.7319555282592773, 0.6092244386672974, -0.18335500359535217, -0.24386024475097656, 4, 0)
(0.7425366640090942, 0.5955111384391785, -0.18064871430397034, -0.2477337270975113, 4, 0)
(0.7503960132598877, 0.5837146639823914, -0.1863626390695572, -0.24789555370807648, 4, 0)
(0.756055474281311, 0.568979799747467, -0.20296719670295715, -0.25188586115837097, 4, 0)
(0.7682204842567444, 0.5380246639251709, -0.23763200640678406, -0.25278034806251526, 4, 0)
(0.7744362950325012, 0.5177959203720093, -0.2586687207221985, -0.2553950548171997, 4, 0)
(0.7825315594673157, 0.4842187166213989, -0.291138231754303, -0.2615634500980377, 4, 0)
(0.787038266658783, 0.45969250798225403, -0.3137300908565521, -0.26613351702690125, 4, 0)
(0.7934717535972595, 0.4102875888347626, -0.35730600357055664, -0.27276188135147095, 4, 0)
(0.7957446575164795, 0.371743381023407, -0.3897426128387451, -0.27694445848464966, 4, 0)
(0.7951223254203796, 0.3216705620288849, -0.42870062589645386, -0.2837683856487274, 4, 0)
(0.7910908460617065, 0.21253333985805511, -0.49265724420547485, -0.2937580645084381, 4, 0)
(0.7870803475379944, 0.1560620218515396, -0.5211409330368042, -0.2907946705818176, 4, 0)
(0.7820073366165161, 0.11869416385889053, -0.5397541522979736, -0.28816986083984375, 4, 0)
(0.7777053713798523, 0.09086793661117554, -0.552490770816803, -0.28578251600265503, 4, 0)
(0.7648270726203918, 0.035076454281806946, -0.5784963369369507, -0.28133857250213623, 4, 0)
(0.7599934339523315, 0.021724019199609756, -0.5856489539146423, -0.28098660707473755, 4, 0)
(0.7491858601570129, -0.010107427835464478, -0.6017413139343262, -0.2766331732273102, 4, 0)
(0.73076331615448, -0.061802223324775696, -0.6260965466499329, -0.26489347219467163, 4, 0)
(0.7184112668037415, -0.0956956148147583, -0.6407346129417419, -0.2533513307571411, 4, 0)
(0.7117961645126343, -0.1208140030503273, -0.6492490172386169, -0.23921959102153778, 4, 0)
(0.7091682553291321, -0.14158707857131958, -0.6535928845405579, -0.22327080368995667, 4, 0)
(0.703536868095398, -0.1594160795211792, -0.6600375175476074, -0.20969688892364502, 4, 0)
(0.6959835290908813, -0.17770937085151672, -0.6669604778289795, -0.19796548783779144, 4, 0)
(0.6898751258850098, -0.1938016712665558, -0.6722974181175232, -0.18582186102867126, 4, 0)
(0.6896780133247375, -0.1956350952386856, -0.6735734343528748, -0.1799168586730957, 4, 0)
(0.6909246444702148, -0.19344715774059296, -0.6735635995864868, -0.1775205135345459, 4, 0)
(0.6939723491668701, -0.18878625333309174, -0.672392725944519, -0.17507261037826538, 4, 0)
(0.6987913250923157, -0.18222124874591827, -0.6695342659950256, -0.17381104826927185, 4, 0)
(0.7053264379501343, -0.17262741923332214, -0.665062665939331, -0.17437365651130676, 4, 0)
(0.7201177477836609, -0.1419442892074585, -0.6539418697357178, -0.18341884016990662, 4, 0)
(0.7290650010108948, -0.11751256883144379, -0.6460450887680054, -0.1930825412273407, 4, 0)
(0.7346631288528442, -0.10191845893859863, -0.6404836177825928, -0.19915711879730225, 4, 0)
(0.7479127645492554, -0.06502529978752136, -0.6256999969482422, -0.2118915617465973, 4, 0)
(0.7655877470970154, -0.01039964146912098, -0.6024223566055298, -0.22551007568836212, 4, 0)
(0.7759029865264893, 0.026749715209007263, -0.5861846208572388, -0.23161786794662476, 4, 0)
(0.7861617803573608, 0.06805235147476196, -0.5669107437133789, -0.23649756610393524, 4, 0)
(0.8019125461578369, 0.15224583446979523, -0.5239425301551819, -0.24339623749256134, 4, 0)
(0.8063735365867615, 0.19299761950969696, -0.5019975304603577, -0.24599222838878632, 4, 0)
(0.808286190032959, 0.2450639009475708, -0.4732714891433716, -0.2502622902393341, 4, 0)
(0.8061797022819519, 0.29286980628967285, -0.4470168948173523, -0.2539246082305908, 4, 0)
(0.802530825138092, 0.3201421797275543, -0.4310699999332428, -0.26006191968917847, 4, 0)
(0.7997686266899109, 0.3321690261363983, -0.42453283071517944, -0.26420795917510986, 4, 0)
(0.7984621524810791, 0.3420136570930481, -0.41850775480270386, -0.26520994305610657, 4, 0)
(0.8029894828796387, 0.33887577056884766, -0.41633427143096924, -0.2589150071144104, 4, 0)
(0.7993883490562439, 0.37089720368385315, -0.39620035886764526, -0.25775766372680664, 4, 0)
(0.7917398810386658, 0.41181984543800354, -0.3710833787918091, -0.25661179423332214, 4, 0)
(0.7797874212265015, 0.461586594581604, -0.33906424045562744, -0.2527943551540375, 4, 0)
(0.7628524899482727, 0.516080915927887, -0.30153900384902954, -0.2465585470199585, 4, 0)
(0.7340896129608154, 0.5856184363365173, -0.24857762455940247, -0.23742970824241638, 4, 0)
(0.7086098790168762, 0.6324441432952881, -0.2097366452217102, -0.23215757310390472, 4, 0)
(0.6346514821052551, 0.7278190851211548, -0.12738767266273499, -0.22642728686332703, 4, 0)
(0.5872754454612732, 0.770670473575592, -0.08856579661369324, -0.2309345304965973, 4, 0)
(0.573003351688385, 0.7809828519821167, -0.08081243932247162, -0.23495163023471832, 4, 0)
(0.5625433921813965, 0.7887027859687805, -0.07864208519458771, -0.23517736792564392, 4, 0)
(0.5510379076004028, 0.7972789406776428, -0.07874540984630585, -0.2334587574005127, 4, 0)
(0.5401769280433655, 0.8089603781700134, -0.06715226173400879, -0.22199726104736328, 4, 0)
(0.5297157764434814, 0.8267096877098083, -0.027657732367515564, -0.187583789229393, 4, 0)
(0.5159241557121277, 0.844097375869751, 0.025506004691123962, -0.14377644658088684, 4, 0)
(0.46333709359169006, 0.8771777749061584, 0.09008339047431946, -0.08810706436634064, 4, 0)
(0.4430968165397644, 0.8871150016784668, 0.11470861732959747, -0.059449534863233566, 4, 0)
(0.4550332725048065, 0.8786905407905579, 0.138027623295784, -0.04238380864262581, 4, 0)
(0.44862765073776245, 0.879406750202179, 0.15513648092746735, -0.03619259223341942, 4, 0)
(0.43519970774650574, 0.8850014209747314, 0.16225802898406982, -0.03234391286969185, 4, 0)
(0.4239746332168579, 0.8897138833999634, 0.1667366325855255, -0.0292215496301651, 4, 0)
(0.41417640447616577, 0.8932604193687439, 0.1730213314294815, -0.024647198617458344, 4, 0)
(0.39991793036460876, 0.8983509540557861, 0.1811811923980713, -0.014312262646853924, 4, 0)
(0.3937194347381592, 0.900907576084137, 0.1824783980846405, -0.00724014500156045, 4, 0)
(0.389026939868927, 0.9027024507522583, 0.18379327654838562, 0.00255892938002944, 4, 0)
(0.3881872594356537, 0.904458224773407, 0.17520752549171448, 0.023842429742217064, 4, 0)
(0.39060771465301514, 0.9043225646018982, 0.16509824991226196, 0.04867253825068474, 4, 0)
(0.3870237469673157, 0.9045425653457642, 0.17032751441001892, 0.05480874329805374, 4, 0)
(0.3747579753398895, 0.9058603644371033, 0.18676236271858215, 0.06398101150989532, 4, 0)
(0.34543198347091675, 0.9107365012168884, 0.20849396288394928, 0.08812636882066727, 4, 0)
(0.3216829299926758, 0.9200521111488342, 0.198182612657547, 0.1036728248000145, 4, 0)
(0.30812063813209534, 0.9241827130317688, 0.20484060049057007, 0.09480635821819305, 4, 0)
(0.29225170612335205, 0.9287813305854797, 0.21097241342067719, 0.086284339427948, 4, 0)
(0.25560691952705383, 0.9377076625823975, 0.22476649284362793, 0.0696391612291336, 4, 0)
(0.20964859426021576, 0.9448987245559692, 0.24696266651153564, 0.04715530201792717, 4, 0)
(0.1612754762172699, 0.9468220472335815, 0.27814242243766785, 0.01246423739939928, 4, 0)
(0.1148468554019928, 0.9471684694290161, 0.29876232147216797, -0.020576082170009613, 4, 0)
(0.08493193238973618, 0.9480708241462708, 0.3036981523036957, -0.04142344370484352, 4, 0)
(0.047655101865530014, 0.9476906061172485, 0.3092345595359802, -0.06313449144363403, 4, 0)
(0.015993840992450714, 0.9452571272850037, 0.31795138120651245, -0.07169502973556519, 4, 0)
(-0.03418445959687233, 0.9405391216278076, 0.3312735855579376, -0.06690038740634918, 4, 0)
(-0.07440710812807083, 0.9364234805107117, 0.3383278548717499, -0.055759310722351074, 4, 0)
(-0.10145546495914459, 0.9323379993438721, 0.34371715784072876, -0.04807503893971443, 4, 0)
(-0.15402135252952576, 0.9216405749320984, 0.35503265261650085, -0.028430234640836716, 4, 0)
(-0.19422931969165802, 0.9103155136108398, 0.36540424823760986, -0.00896756537258625, 4, 0)
(-0.23550470173358917, 0.8953578472137451, 0.37765729427337646, 0.01570979133248329, 4, 0)
(-0.26920086145401, 0.880218505859375, 0.38866370916366577, 0.041072770953178406, 4, 0)
(-0.3007456660270691, 0.8673014044761658, 0.38986295461654663, 0.07312533259391785, 4, 0)
(-0.3284602761268616, 0.8526569604873657, 0.39228004217147827, 0.10586129873991013, 4, 0)
(-0.3591357469558716, 0.8289699554443359, 0.402948796749115, 0.14650127291679382, 4, 0)
(-0.3847498893737793, 0.8077278733253479, 0.4049551486968994, 0.18855944275856018, 4, 0)
(-0.40241867303848267, 0.7879796028137207, 0.40655723214149475, 0.2277250736951828, 4, 0)
(-0.4178846776485443, 0.7673239707946777, 0.4031843841075897, 0.27208212018013, 4, 0)
(-0.43825483322143555, 0.7359507083892822, 0.3943849205970764, 0.33282148838043213, 4, 0)
(-0.4553471803665161, 0.700451672077179, 0.37944480776786804, 0.3975526988506317, 4, 0)
(-0.4634656310081482, 0.6765589118003845, 0.3664996325969696, 0.43948352336883545, 4, 0)
(-0.4467352330684662, 0.6649903655052185, 0.3768990635871887, 0.4649331867694855, 4, 0)
(-0.4569777548313141, 0.6681275963783264, 0.3616456985473633, 0.4625898599624634, 4, 0)
(-0.4687623977661133, 0.6677107214927673, 0.33610978722572327, 0.4705895781517029, 4, 0)
(-0.47459107637405396, 0.6591926217079163, 0.3292965590953827, 0.481448233127594, 4, 0)
(-0.49001017212867737, 0.6470898389816284, 0.2929190993309021, 0.5053347945213318, 4, 0)
(-0.49206462502479553, 0.630480945110321, 0.26347658038139343, 0.5393945574760437, 4, 0)
(-0.49656403064727783, 0.6131733059883118, 0.23713558912277222, 0.5667535662651062, 4, 0)
(-0.5011537671089172, 0.5977850556373596, 0.19941848516464233, 0.5930686593055725, 4, 0)
(-0.5012485384941101, 0.5919886827468872, 0.19023212790489197, 0.6017568111419678, 4, 0)
(-0.5004271268844604, 0.5789497494697571, 0.185697540640831, 0.6163655519485474, 4, 0)
(-0.49692267179489136, 0.5757265686988831, 0.17918631434440613, 0.6240987181663513, 4, 0)
(-0.5003954768180847, 0.5713452696800232, 0.16926321387290955, 0.6281074285507202, 4, 0)
(-0.5092846751213074, 0.5573850274085999, 0.14402072131633759, 0.6396947503089905, 4, 0)
(-0.5151663422584534, 0.5453994274139404, 0.12506431341171265, 0.649232029914856, 4, 0)
(-0.5262449979782104, 0.527449369430542, 0.10437412559986115, 0.6587636470794678, 4, 0)
(-0.5726916790008545, 0.47116392850875854, 0.03839161992073059, 0.6697424650192261, 4, 0)
(-0.6192314624786377, 0.4074711501598358, -0.028347641229629517, 0.6706086993217468, 4, 0)
(-0.6242649555206299, 0.4028831720352173, -0.04418531060218811, 0.6678519248962402, 4, 0)
(-0.6433592438697815, 0.3858760893344879, -0.07483097910881042, 0.6569543480873108, 4, 0)
(-0.6517552137374878, 0.37227168679237366, -0.11389508843421936, 0.65088951587677, 4, 0)
(-0.6563243269920349, 0.354439914226532, -0.15235933661460876, 0.6483808755874634, 4, 0)
(-0.653715968132019, 0.3417450785636902, -0.18195194005966187, 0.6501995325088501, 4, 0)
(-0.6543000936508179, 0.3228496313095093, -0.21382847428321838, 0.6495667695999146, 4, 0)
(-0.6559227108955383, 0.305481493473053, -0.2378489226102829, 0.6479771733283997, 4, 0)
(-0.6551653146743774, 0.2874751091003418, -0.259523868560791, 0.6486632823944092, 4, 0)
(-0.6530106663703918, 0.2774919867515564, -0.271556556224823, 0.6502557396888733, 4, 0)
(-0.6488732099533081, 0.2692059576511383, -0.2811219096183777, 0.6538061499595642, 4, 0)
(-0.6495639681816101, 0.2625671327114105, -0.28837069869041443, 0.6526619791984558, 4, 0)
(-0.6507210731506348, 0.25610607862472534, -0.2967887222766876, 0.6502987146377563, 4, 0)
(-0.6525859832763672, 0.2544952630996704, -0.3019239008426666, 0.6466882228851318, 4, 0)
(-0.6574113368988037, 0.2520543932914734, -0.3046879768371582, 0.6414390802383423, 4, 0)
(-0.6611871719360352, 0.2510569393634796, -0.3051398992538452, 0.6377239227294922, 4, 0)
(-0.6654323935508728, 0.25068700313568115, -0.3045540452003479, 0.6337212920188904, 4, 0)
(-0.6761922240257263, 0.24637307226657867, -0.3074813783168793, 0.6225108504295349, 4, 0)
(-0.6777428388595581, 0.251685231924057, -0.3038689196109772, 0.6204699873924255, 4, 0)
(-0.6769973039627075, 0.2560742199420929, -0.30084383487701416, 0.6209618449211121, 4, 0)
(-0.6709188222885132, 0.2672157883644104, -0.29399409890174866, 0.6261239647865295, 4, 0)
(-0.6625696420669556, 0.27800488471984863, -0.28922852873802185, 0.632504403591156, 4, 0)
(-0.6573976278305054, 0.2854244112968445, -0.2877153158187866, 0.6352806687355042, 4, 0)
(-0.644106924533844, 0.3057904839515686, -0.2812459170818329, 0.6422767639160156, 4, 0)
(-0.6350417733192444, 0.3224680721759796, -0.2683175802230835, 0.6486462950706482, 4, 0)
(-0.6299368739128113, 0.3335672616958618, -0.26048314571380615, 0.6511998176574707, 4, 0)
(-0.6148521900177002, 0.36419668793678284, -0.25079864263534546, 0.6530066132545471, 4, 0)
(-0.5963997840881348, 0.4070889353752136, -0.23380279541015625, 0.6510933041572571, 4, 0)
(-0.5851530432701111, 0.4434884190559387, -0.2007673680782318, 0.6485419273376465, 4, 0)
(-0.5801963210105896, 0.4600999355316162, -0.17864832282066345, 0.6478930115699768, 4, 0)
(-0.565993070602417, 0.49147123098373413, -0.1367635726928711, 0.6476140022277832, 4, 0)
(-0.5560709238052368, 0.5080561637878418, -0.11587515473365784, 0.6474853157997131, 4, 0)
(-0.5396641492843628, 0.5366384983062744, -0.0831175446510315, 0.6433297991752625, 4, 0)
(-0.5196608304977417, 0.5783790946006775, -0.03531099855899811, 0.6278403997421265, 4, 0)
(-0.5112940073013306, 0.5989157557487488, -0.007468223571777344, 0.6162978410720825, 4, 0)
(-0.5078673958778381, 0.6077319383621216, 0.00576569139957428, 0.6104913353919983, 4, 0)
(-0.49644047021865845, 0.6351147890090942, 0.05307067930698395, 0.5893723368644714, 4, 0)
(-0.4868878126144409, 0.6522654891014099, 0.0858941376209259, 0.5745540857315063, 4, 0)
(-0.4740124046802521, 0.6695412993431091, 0.11980298161506653, 0.5591728091239929, 4, 0)
(-0.4477056562900543, 0.6931779384613037, 0.16923817992210388, 0.5389088988304138, 4, 0)
(-0.3996138274669647, 0.7257784605026245, 0.22936972975730896, 0.5108268857002258, 4, 0)
(-0.37390145659446716, 0.7424430847167969, 0.2572028934955597, 0.4927707314491272, 4, 0)
(-0.33841872215270996, 0.765184760093689, 0.29455938935279846, 0.46173593401908875, 4, 0)
