

301992023 17Mar2015N37 TSS-WL                  v2.0.0  

            Raw Accelerometer Data                     Time         Battery
(-0.0029296875, 0.97412109375, -0.02197265625)   2.89288797182     25 % 
(-0.002685546875, 0.97509765625, -0.020751953125)   2.90238052628     25 % 
(-0.005859375, 0.970947265625, -0.0205078125)   2.91235545168     25 % 
(-0.001953125, 0.97509765625, -0.02490234375)   2.92193373464     25 % 
(0.000732421875, 0.97412109375, -0.025390625)   2.93141325205     25 % 
(-0.003662109375, 0.97314453125, -0.020751953125)   2.94100062143     25 % 
(-0.00341796875, 0.9765625, -0.0205078125)   2.9599695328     25 % 
(-0.0029296875, 0.9736328125, -0.02099609375)   2.96954465526     25 % 
(-0.00244140625, 0.97802734375, -0.02001953125)   2.9792809631     25 % 
(-0.005615234375, 0.97314453125, -0.024169921875)   2.9887845793     25 % 
(0.0, 0.975830078125, -0.022705078125)   2.99828226957     25 % 
(-0.003173828125, 0.974365234375, -0.025634765625)   3.00784475004     25 % 
(-0.000732421875, 0.97509765625, -0.021484375)   3.01733256375     25 % 
(-0.00341796875, 0.97314453125, -0.02197265625)   3.02687568617     25 % 
(-0.0048828125, 0.9765625, -0.024169921875)   3.0366455743     25 % 
(-0.001953125, 0.9755859375, -0.0185546875)   3.04588805439     25 % 
(-0.000732421875, 0.970947265625, -0.021484375)   3.05545053485     25 % 
(0.002197265625, 0.977294921875, -0.023193359375)   3.06545627511     25 % 
(-0.00146484375, 0.970458984375, -0.0234375)   3.07496186662     25 % 
(-0.004150390625, 0.97314453125, -0.023681640625)   3.0845180261     25 % 
(-0.000732421875, 0.97265625, -0.02490234375)   3.09454509971     25 % 
(-0.001220703125, 0.97216796875, -0.02197265625)   3.10405898753     25 % 
(-0.003173828125, 0.97265625, -0.021728515625)   3.11407974014     25 % 
(-0.001708984375, 0.97314453125, -0.023193359375)   3.12363510949     25 % 
(-0.002197265625, 0.972412109375, -0.022216796875)   3.13319047884     25 % 
(-0.003173828125, 0.974609375, -0.025390625)   3.14316303387     25 % 
(-0.001953125, 0.96923828125, -0.02197265625)   3.15271840322     25 % 
(-0.001708984375, 0.971923828125, -0.021728515625)   3.16218606876     25 % 
(-0.000732421875, 0.975341796875, -0.021728515625)   3.17174499367     25 % 
(-0.00244140625, 0.97412109375, -0.025146484375)   3.18127112842     25 % 
(0.000732421875, 0.978515625, -0.022705078125)   3.19079805329     25 % 
(-0.001220703125, 0.970947265625, -0.021240234375)   3.20078246019     25 % 
(-0.000732421875, 0.97705078125, -0.021728515625)   3.21063847187     25 % 
(-0.00244140625, 0.97412109375, -0.021240234375)   3.21989872976     25 % 
(-0.001708984375, 0.97607421875, -0.023193359375)   3.22937390148     25 % 
(-0.0048828125, 0.974609375, -0.021484375)   3.23893954245     25 % 
(-0.002197265625, 0.97265625, -0.02294921875)   3.24877501089     25 % 
(-0.00341796875, 0.975830078125, -0.0224609375)   3.25881749193     25 % 
(-0.003662109375, 0.974609375, -0.022216796875)   3.26837641684     25 % 
(-0.002197265625, 0.97021484375, -0.02392578125)   3.27785000832     25 % 
(-0.001708984375, 0.971923828125, -0.01708984375)   3.28740774804     25 % 
(-0.00341796875, 0.97607421875, -0.02197265625)   3.29691926548     25 % 
(-0.0029296875, 0.974609375, -0.02197265625)   3.30693251192     25 % 
(-0.001220703125, 0.9775390625, -0.022216796875)   3.31648906646     25 % 
(-0.00341796875, 0.97216796875, -0.02490234375)   3.32601362095     25 % 
(-0.00146484375, 0.974609375, -0.02099609375)   3.33550854579     25 % 
(-0.001953125, 0.970947265625, -0.02490234375)   3.3450350756     25 % 
(0.000732421875, 0.975830078125, -0.021240234375)   3.35456200047     25 % 
(-0.00439453125, 0.974609375, -0.020263671875)   3.36409129571     25 % 
(-0.002685546875, 0.97314453125, -0.021728515625)   3.37361347984     25 % 
(-0.003173828125, 0.969970703125, -0.021728515625)   3.38325852831     25 % 
(-0.002685546875, 0.9736328125, -0.021484375)   3.39275503339     25 % 
(-0.00048828125, 0.97412109375, -0.02099609375)   3.40228906938     25 % 
(-0.001953125, 0.970458984375, -0.024169921875)   3.41174251268     25 % 
(-0.002197265625, 0.97607421875, -0.022705078125)   3.42127457336     25 % 
(-0.0029296875, 0.974609375, -0.02294921875)   3.4307955723     25 % 
(-0.00146484375, 0.9716796875, -0.0234375)   3.44040348492     25 % 
(-0.0029296875, 0.97314453125, -0.0205078125)   3.44982492819     25 % 
(-0.002685546875, 0.97265625, -0.02197265625)   3.45940360621     25 % 
(-0.00146484375, 0.97314453125, -0.02197265625)   3.46891630884     25 % 
(-0.00048828125, 0.9736328125, -0.02197265625)   3.47847009794     25 % 
(-0.004150390625, 0.9736328125, -0.021240234375)   3.48798398576     25 % 
(-0.00439453125, 0.975830078125, -0.021728515625)   3.49772108372     25 % 
(0.0, 0.973876953125, -0.02197265625)   3.50698924285     25 % 
(0.001953125, 0.97802734375, -0.02294921875)   3.51654105664     25 % 
(-0.000244140625, 0.971923828125, -0.022705078125)   3.52608496919     25 % 
(-0.001708984375, 0.971435546875, -0.023681640625)   3.53558621502     25 % 
(-0.001953125, 0.97265625, -0.021240234375)   3.54511155964     25 % 
(-0.002197265625, 0.974609375, -0.023193359375)   3.5547451513     25 % 
(-0.001953125, 0.97998046875, -0.02490234375)   3.56415118714     25 % 
(-0.0029296875, 0.97509765625, -0.0263671875)   3.57371919848     25 % 
(-0.001220703125, 0.972900390625, -0.02392578125)   3.58320503688     25 % 
(-0.00244140625, 0.969970703125, -0.023193359375)   3.59273038151     25 % 
(-0.000732421875, 0.9736328125, -0.023681640625)   3.60278787491     25 % 
(-0.00048828125, 0.97314453125, -0.02001953125)   3.61254749141     25 % 
(0.0, 0.97412109375, -0.020751953125)   3.62177930482     25 % 
(-0.0029296875, 0.9736328125, -0.021240234375)   3.63133072355     25 % 
(-0.003662109375, 0.972412109375, -0.0244140625)   3.64087305585     25 % 
(-0.00244140625, 0.9755859375, -0.0234375)   3.65040037578     25 % 
(-0.001708984375, 0.97412109375, -0.022216796875)   3.65993954758     25 % 
(-0.000244140625, 0.970947265625, -0.020751953125)   3.66962212696     25 % 
(-0.002685546875, 0.969970703125, -0.022216796875)   3.67903171836     25 % 
(-0.00537109375, 0.97509765625, -0.022705078125)   3.68851005058     25 % 
(-0.003173828125, 0.974609375, -0.021728515625)   3.69802551865     25 % 
(-0.000732421875, 0.972900390625, -0.0205078125)   3.70804469102     25 % 
(-0.001953125, 0.97265625, -0.022705078125)   3.72732017065     25 % 
(-0.001708984375, 0.978271484375, -0.02392578125)   3.73669183608     25 % 
(-0.00146484375, 0.97412109375, -0.024169921875)   3.74664226763     25 % 
(-0.000732421875, 0.969970703125, -0.023193359375)   3.75618736536     25 % 
(-0.00390625, 0.97509765625, -0.022705078125)   3.76575340139     25 % 
(0.00048828125, 0.974609375, -0.0234375)   3.77524556078     25 % 
(-0.00244140625, 0.9736328125, -0.0224609375)   3.7848629549     25 % 
(-0.00341796875, 0.97265625, -0.0224609375)   3.79431047227     25 % 
(-0.000732421875, 0.97216796875, -0.021484375)   3.80379156993     25 % 
(-0.002685546875, 0.97607421875, -0.0234375)   3.81333429729     25 % 
(-0.00390625, 0.971435546875, -0.0224609375)   3.82290546912     25 % 
(-0.001953125, 0.97216796875, -0.021484375)   3.83289659207     25 % 
(-0.005126953125, 0.97509765625, -0.021240234375)   3.84244327006     25 % 
(-0.002197265625, 0.974609375, -0.0224609375)   3.8520195777     25 % 
(-0.001708984375, 0.97314453125, -0.02294921875)   3.86196763888     25 % 
(-0.002197265625, 0.97412109375, -0.02001953125)   3.87147955138     25 % 
(0.0009765625, 0.971923828125, -0.022705078125)   3.88101911824     25 % 
(-0.0009765625, 0.97509765625, -0.02099609375)   3.89080283354     25 % 
(0.001953125, 0.97119140625, -0.0234375)   3.9010112407     25 % 
(0.00048828125, 0.97412109375, -0.021728515625)   3.90994478216     25 % 
(-0.00537109375, 0.97119140625, -0.01953125)   3.91950607744     25 % 
(-0.001220703125, 0.971435546875, -0.02392578125)   3.9290843604     25 % 
(-0.001708984375, 0.97705078125, -0.02197265625)   3.93857810004     25 % 
(-0.00341796875, 0.9736328125, -0.022216796875)   3.94810462985     25 % 
(-0.001953125, 0.978759765625, -0.021484375)   3.96759225789     25 % 
(-0.00244140625, 0.972412109375, -0.02294921875)   3.97728984963     25 % 
(-0.002197265625, 0.972412109375, -0.021728515625)   3.98668008298     25 % 
(-0.0029296875, 0.974853515625, -0.02294921875)   3.99624374863     25 % 
(-0.001708984375, 0.97265625, -0.0224609375)   4.00624198271     25 % 
(0.0, 0.97119140625, -0.0205078125)   4.01584001877     25 % 
(-0.00146484375, 0.97216796875, -0.020263671875)   4.02528753614     25 % 
(-0.002197265625, 0.976318359375, -0.0224609375)   4.03482236226     25 % 
(-0.00537109375, 0.9736328125, -0.02001953125)   4.04482770745     25 % 
(-0.001220703125, 0.9755859375, -0.0234375)   4.05437754593     25 % 
(-0.002197265625, 0.9775390625, -0.023193359375)   4.06385903865     25 % 
(0.00146484375, 0.978515625, -0.025146484375)   4.07347682782     25 % 
(-0.001220703125, 0.972412109375, -0.01904296875)   4.08293145631     25 % 
(-0.001220703125, 0.97509765625, -0.022705078125)   4.09243783795     25 % 
(-0.00439453125, 0.969970703125, -0.025390625)   4.10202204684     25 % 
(-0.00146484375, 0.9736328125, -0.0234375)   4.11156516926     25 % 
(-0.000732421875, 0.969970703125, -0.021728515625)   4.12104745211     25 % 
(-0.002197265625, 0.9736328125, -0.023193359375)   4.13078929081     25 % 
(-0.00146484375, 0.97509765625, -0.0205078125)   4.14057774686     25 % 
(-0.002197265625, 0.971435546875, -0.022216796875)   4.15008215318     25 % 
(-0.003662109375, 0.9736328125, -0.01953125)   4.15966991763     25 % 
(-0.002685546875, 0.97216796875, -0.02197265625)   4.1691707684     25 % 
(-0.00634765625, 0.974853515625, -0.02294921875)   4.17871626119     25 % 
(-0.002685546875, 0.97607421875, -0.022216796875)   4.18886540903     25 % 
(-0.00048828125, 0.9716796875, -0.02001953125)   4.19828171648     25 % 
(-0.00244140625, 0.96875, -0.01904296875)   4.21509161295     25 % 
(-0.00048828125, 0.971435546875, -0.02099609375)   4.22610713218     25 % 
(-0.002197265625, 0.97412109375, -0.024169921875)   4.23563405705     25 % 
(-0.002197265625, 0.972412109375, -0.02294921875)   4.24529648825     25 % 
(0.0009765625, 0.979736328125, -0.0224609375)   4.25471240065     25 % 
(0.000732421875, 0.973876953125, -0.0234375)   4.26425236257     25 % 
(-0.002197265625, 0.97265625, -0.021728515625)   4.27383143565     25 % 
(-0.002685546875, 0.975341796875, -0.01904296875)   4.28379529931     25 % 
(-0.001953125, 0.9736328125, -0.02294921875)   4.29329891551     25 % 
(-0.003173828125, 0.97412109375, -0.02197265625)   4.30297556896     25 % 
(-0.001953125, 0.9716796875, -0.023193359375)   4.31290585233     25 % 
(-0.0048828125, 0.97216796875, -0.01953125)   4.32239366605     25 % 
(0.000732421875, 0.9736328125, -0.02197265625)   4.33197550456     25 % 
(-0.003173828125, 0.97509765625, -0.022216796875)   4.3414672689     25 % 
(-0.000732421875, 0.97265625, -0.020751953125)   4.3514809104     25 % 
(-0.002685546875, 0.97412109375, -0.022216796875)   4.36120773674     25 % 
(0.0, 0.97216796875, -0.019775390625)   4.37049643911     25 % 
(0.0, 0.978515625, -0.021484375)   4.38000242568     25 % 
(-0.003662109375, 0.976318359375, -0.021484375)   4.39911592982     25 % 
(-0.00244140625, 0.9736328125, -0.02490234375)   4.40896206494     25 % 
(0.002197265625, 0.969482421875, -0.0244140625)   4.41860158254     25 % 
(0.00048828125, 0.974853515625, -0.022705078125)   4.42804633447     25 % 
(-0.001953125, 0.97314453125, -0.022216796875)   4.43778422256     25 % 
(-0.001708984375, 0.97412109375, -0.0224609375)   4.44733485116     25 % 
(-0.001708984375, 0.97216796875, -0.02294921875)   4.45686770197     25 % 
(-0.001220703125, 0.97412109375, -0.02490234375)   4.46637803423     25 % 
(0.001220703125, 0.97314453125, -0.021728515625)   4.47663424391     25 % 
(-0.002685546875, 0.97216796875, -0.022216796875)   4.48592018084     25 % 
(-0.00048828125, 0.974609375, -0.02197265625)   4.49569204428     25 % 
(-0.00244140625, 0.971923828125, -0.020751953125)   4.50568000673     25 % 
(0.0, 0.97412109375, -0.02587890625)   4.51572880877     25 % 
(-0.001708984375, 0.97265625, -0.02294921875)   4.52575588238     25 % 
(-0.001220703125, 0.970947265625, -0.02197265625)   4.53605159828     25 % 
(-0.003173828125, 0.97607421875, -0.021728515625)   4.54578237525     25 % 
(-0.00341796875, 0.978515625, -0.01806640625)   4.55530613962     25 % 
(-0.00439453125, 0.9755859375, -0.022705078125)   4.56485953366     25 % 
(0.0, 0.9736328125, -0.022216796875)   4.57487317516     25 % 
(-0.00390625, 0.976806640625, -0.02197265625)   4.58493066856     25 % 
(-0.001708984375, 0.972900390625, -0.02294921875)   4.59453976637     25 % 
(-0.002197265625, 0.97607421875, -0.02099609375)   4.60392209848     25 % 
(-0.002685546875, 0.971435546875, -0.02197265625)   4.6139396906     25 % 
(-0.001220703125, 0.97265625, -0.0205078125)   4.63301763913     25 % 
(-0.001708984375, 0.97412109375, -0.02197265625)   4.64247740343     25 % 
(-0.004638671875, 0.97509765625, -0.0224609375)   4.65211771115     25 % 
(-0.001708984375, 0.969970703125, -0.0244140625)   4.66153717911     25 % 
(-0.0029296875, 0.9755859375, -0.0244140625)   4.67108504227     25 % 
(0.001220703125, 0.974609375, -0.024169921875)   4.68056455968     25 % 
(-0.004150390625, 0.976806640625, -0.023193359375)   4.69010057098     25 % 
(-0.005859375, 0.975341796875, -0.02392578125)   4.70927689001     25 % 
(0.0, 0.971923828125, -0.02294921875)   4.71866909867     25 % 
(-0.001220703125, 0.97900390625, -0.023193359375)   4.72825923349     25 % 
(-0.002685546875, 0.969482421875, -0.021728515625)   4.73774230646     25 % 
(-0.002197265625, 0.9716796875, -0.021484375)   4.74779584924     25 % 
(-0.003173828125, 0.971923828125, -0.021728515625)   4.75750450272     25 % 
(-0.001220703125, 0.9716796875, -0.022216796875)   4.7675256504     25 % 
(-0.00439453125, 0.969482421875, -0.02099609375)   4.77684279725     25 % 
(0.0009765625, 0.97216796875, -0.022216796875)   4.78639105548     25 % 
(-0.00390625, 0.9716796875, -0.020751953125)   4.79588202969     25 % 
(-0.002197265625, 0.9736328125, -0.022705078125)   4.80548243613     25 % 
(-0.0048828125, 0.97216796875, -0.0224609375)   4.82490250853     25 % 
(-0.00244140625, 0.9736328125, -0.022216796875)   4.83439624817     25 % 
(-0.003662109375, 0.971435546875, -0.021728515625)   4.8438943335     25 % 
(-0.0029296875, 0.973388671875, -0.021484375)   4.85342165344     25 % 
(-0.00048828125, 0.97314453125, -0.021484375)   4.86295055362     25 % 
(-0.0029296875, 0.9775390625, -0.02294921875)   4.87792894174     25 % 
(0.001708984375, 0.97265625, -0.023193359375)   4.89114258703     25 % 
(-0.00390625, 0.976806640625, -0.021240234375)   4.90069558601     25 % 
(-0.0029296875, 0.972412109375, -0.020751953125)   4.9101940664     25 % 
(0.000244140625, 0.975830078125, -0.022705078125)   4.91972731227     25 % 
(-0.00439453125, 0.9755859375, -0.022705078125)   4.92992070707     25 % 
(-0.000244140625, 0.973388671875, -0.022705078125)   4.939282891     25 % 
(-0.002685546875, 0.9755859375, -0.02099609375)   4.94880388994     25 % 
(-0.0009765625, 0.97265625, -0.023681640625)   4.95832370369     25 % 
(0.000244140625, 0.9716796875, -0.023193359375)   4.96782652977     25 % 
(-0.00146484375, 0.970458984375, -0.022705078125)   4.97736570157     25 % 
(0.0, 0.972412109375, -0.02490234375)   4.99639821795     25 % 
(-0.0029296875, 0.974853515625, -0.021728515625)   5.00598716759     25 % 
(-0.000732421875, 0.97314453125, -0.020751953125)   5.01552278383     25 % 
(-0.003662109375, 0.974609375, -0.021484375)   5.02500190618     25 % 
(-0.002685546875, 0.9716796875, -0.021728515625)   5.03453475698     25 % 
(-0.001220703125, 0.977783203125, -0.0224609375)   5.04424104009     25 % 
(-0.00341796875, 0.97412109375, -0.022705078125)   5.05361468083     25 % 
(0.0009765625, 0.972900390625, -0.02294921875)   5.06359869266     25 % 
(-0.003662109375, 0.97509765625, -0.019775390625)   5.07310309899     25 % 
(-0.00244140625, 0.97509765625, -0.022216796875)   5.08269086344     25 % 
(-0.000732421875, 0.97412109375, -0.02392578125)   5.09269107282     25 % 
(-0.003173828125, 0.97216796875, -0.0205078125)   5.10275330697     25 % 
(-0.001220703125, 0.97509765625, -0.023681640625)   5.11019983431     25 % 
(-0.004638671875, 0.97265625, -0.02099609375)   5.12678138483     25 % 
(-0.00341796875, 0.97509765625, -0.0205078125)   5.13682939674     25 % 
(-0.002197265625, 0.97705078125, -0.0244140625)   5.14688175433     25 % 
(-0.00146484375, 0.97265625, -0.0234375)   5.15670260547     25 % 
(-0.001220703125, 0.9736328125, -0.0205078125)   5.1753898375     25 % 
(-0.002197265625, 0.9716796875, -0.02001953125)   5.19492842856     25 % 
(-0.001953125, 0.969970703125, -0.02099609375)   5.20453673624     25 % 
(-0.00146484375, 0.9755859375, -0.02099609375)   5.21420351313     25 % 
(0.001220703125, 0.974609375, -0.02197265625)   5.2235799193     25 % 
(-0.001220703125, 0.97216796875, -0.023193359375)   5.23309775775     25 % 
(-0.00390625, 0.9736328125, -0.02197265625)   5.24263890486     25 % 
(-0.001220703125, 0.97265625, -0.020263671875)   5.25264938586     25 % 
(-0.002197265625, 0.97705078125, -0.022705078125)   5.26216761936     25 % 
(-0.00146484375, 0.9736328125, -0.0205078125)   5.27180674189     25 % 
(-0.0009765625, 0.97265625, -0.0244140625)   5.2812392469     25 % 
(0.0, 0.9775390625, -0.022705078125)   5.29077328289     25 % 
(-0.00244140625, 0.97021484375, -0.02099609375)   5.30073951693     25 % 
(-0.004150390625, 0.97509765625, -0.02392578125)   5.31025775043     25 % 
(-0.003173828125, 0.97509765625, -0.020751953125)   5.3197668975     25 % 
(-0.003173828125, 0.974609375, -0.01904296875)   5.32937678543     25 % 
(-0.0048828125, 0.9755859375, -0.022705078125)   5.33885195716     25 % 
(-0.00146484375, 0.975830078125, -0.021728515625)   5.34843577099     25 % 
(0.001953125, 0.96875, -0.02001953125)   5.35841662232     25 % 
(0.000244140625, 0.982421875, -0.021728515625)   5.36791668296     25 % 
(0.001708984375, 0.964111328125, -0.022216796875)   5.38704085378     25 % 
(-0.002197265625, 0.971923828125, -0.0234375)   5.39647888965     25 % 
(-0.0009765625, 0.969482421875, -0.02294921875)   5.40598448117     25 % 
(-0.0009765625, 0.97216796875, -0.0234375)   5.42509759024     25 % 
(-0.002197265625, 0.97412109375, -0.023681640625)   5.43459053976     25 % 
(-0.002685546875, 0.976318359375, -0.01904296875)   5.44467845295     25 % 
(-0.001708984375, 0.9755859375, -0.021240234375)   5.45426977296     25 % 
(0.000244140625, 0.97607421875, -0.02490234375)   5.46370306809     25 % 
(-0.002197265625, 0.974853515625, -0.023193359375)   5.47324105471     25 % 
(-0.002685546875, 0.97314453125, -0.02294921875)   5.4832369184     25 % 
(-0.004150390625, 0.971923828125, -0.02392578125)   5.49278280626     25 % 
(0.0, 0.97265625, -0.022705078125)   5.50232592868     25 % 
(-0.004150390625, 0.974853515625, -0.02099609375)   5.51182559426     25 % 
(-0.002685546875, 0.97216796875, -0.022216796875)   5.52148684028     25 % 
(-0.00390625, 0.97412109375, -0.021484375)   5.53088457981     25 % 
(-0.000244140625, 0.974609375, -0.02197265625)   5.54088952994     25 % 
(-0.002685546875, 0.973388671875, -0.0205078125)   5.55041922025     25 % 
(-0.00146484375, 0.97265625, -0.0234375)   5.56056323227     25 % 
(-0.0029296875, 0.971923828125, -0.022705078125)   5.56995070019     25 % 
(-0.001708984375, 0.9775390625, -0.02294921875)   5.57994458858     25 % 
(-0.001953125, 0.977294921875, -0.019287109375)   5.58960148891     25 % 
(-0.001220703125, 0.970703125, -0.022216796875)   5.59906678408     25 % 
(-0.002197265625, 0.9755859375, -0.02197265625)   5.60858857314     25 % 
(-0.001220703125, 0.978271484375, -0.0244140625)   5.61864725173     25 % 
(-0.001953125, 0.9736328125, -0.023193359375)   5.62809555922     25 % 
(-0.00341796875, 0.972412109375, -0.02294921875)   5.63771571877     25 % 
(-0.00439453125, 0.9775390625, -0.022705078125)   5.64719958187     25 % 
(-0.0029296875, 0.97265625, -0.024169921875)   5.65682290191     25 % 
(0.001953125, 0.97412109375, -0.025634765625)   5.66672948156     25 % 
(-0.0029296875, 0.973388671875, -0.022705078125)   5.67634292505     25 % 
(-0.0029296875, 0.9736328125, -0.023681640625)   5.6858094054     25 % 
(0.000244140625, 0.974853515625, -0.0234375)   5.69577800981     25 % 
(-0.001708984375, 0.97314453125, -0.02099609375)   5.70548587317     25 % 
(-0.00390625, 0.97314453125, -0.023193359375)   5.7153517614     25 % 
(-0.001953125, 0.976806640625, -0.02197265625)   5.72491147644     25 % 
(-0.001708984375, 0.97265625, -0.022216796875)   5.73510605642     25 % 
(-0.001953125, 0.9775390625, -0.0224609375)   5.74439870941     25 % 
(-0.003173828125, 0.969482421875, -0.020263671875)   5.75394420221     25 % 
(-0.004150390625, 0.976318359375, -0.022216796875)   5.76352604072     25 % 
(-0.00390625, 0.9716796875, -0.023681640625)   5.77352585504     25 % 
(0.000244140625, 0.972900390625, -0.02099609375)   5.78303855768     25 % 
(-0.00244140625, 0.96826171875, -0.023681640625)   5.79310434738     25 % 
(-0.0048828125, 0.9736328125, -0.021240234375)   5.80258742035     25 % 
(-0.000244140625, 0.973388671875, -0.021484375)   5.81257893837     25 % 
(-0.00439453125, 0.9755859375, -0.02001953125)   5.82216867813     25 % 
(-0.002197265625, 0.969970703125, -0.020263671875)   5.83164424491     25 % 
(-0.001220703125, 0.97314453125, -0.021484375)   5.84168554076     25 % 
(-0.003173828125, 0.975830078125, -0.025634765625)   5.85143528071     25 % 
(-0.001220703125, 0.97607421875, -0.022216796875)   5.87024656227     25 % 
(-0.001220703125, 0.9736328125, -0.022216796875)   5.87976203034     25 % 
(-0.001708984375, 0.97802734375, -0.0234375)   5.889313054     25 % 
(-0.00146484375, 0.974609375, -0.02392578125)   5.89890397895     25 % 
(0.00048828125, 0.971923828125, -0.020263671875)   5.90893460812     25 % 
(-0.0009765625, 0.97412109375, -0.0244140625)   5.9278699392     25 % 
(-0.001953125, 0.9765625, -0.02294921875)   5.93752604941     25 % 
(-0.001220703125, 0.9755859375, -0.023193359375)   5.94699450508     25 % 
(-0.003662109375, 0.97509765625, -0.01953125)   5.96616292286     25 % 
(-0.00048828125, 0.973876953125, -0.020263671875)   5.97603671234     25 % 
(-0.001708984375, 0.969970703125, -0.02197265625)   5.98556837796     25 % 
(-0.0029296875, 0.974609375, -0.022705078125)   5.99560335281     25 % 
(-0.00244140625, 0.97607421875, -0.020751953125)   6.00514291968     25 % 
(-0.00341796875, 0.9755859375, -0.02392578125)   6.01464100501     25 % 
(-0.00048828125, 0.97412109375, -0.021728515625)   6.02424022626     25 % 
(-0.002197265625, 0.97119140625, -0.022216796875)   6.0341614232     25 % 
(-0.003173828125, 0.974365234375, -0.021728515625)   6.04369901475     25 % 
(-0.002685546875, 0.97216796875, -0.0224609375)   6.05326110016     25 % 
(-0.0029296875, 0.97412109375, -0.02099609375)   6.07276176525     25 % 
(-0.003173828125, 0.97216796875, -0.023681640625)   6.09188001013     25 % 
(-0.0009765625, 0.97216796875, -0.0224609375)   6.10140100907     25 % 
(0.00048828125, 0.9716796875, -0.025146484375)   6.11092477344     25 % 
(-0.001220703125, 0.97314453125, -0.024169921875)   6.12049199466     25 % 
(-0.00341796875, 0.969482421875, -0.0224609375)   6.13047679661     25 % 
(-0.002685546875, 0.97509765625, -0.02099609375)   6.14006061044     25 % 
(-0.0029296875, 0.970703125, -0.023681640625)   6.14949272039     25 % 
(-0.0029296875, 0.9736328125, -0.022216796875)   6.15901687982     25 % 
(-0.0009765625, 0.969970703125, -0.021484375)   6.16855012569     25 % 
(-0.00341796875, 0.973388671875, -0.021240234375)   6.17806401351     25 % 
(0.0009765625, 0.974609375, -0.02001953125)   6.18807725994     25 % 
(0.0, 0.97509765625, -0.02001953125)   6.19768161701     25 % 
(0.00048828125, 0.976318359375, -0.02392578125)   6.20716350479     25 % 
(0.0, 0.97119140625, -0.023193359375)   6.21699067693     25 % 
(-0.001708984375, 0.971923828125, -0.0205078125)   6.22701340486     25 % 
(-0.002197265625, 0.97705078125, -0.023681640625)   6.23657470014     25 % 
(-0.00048828125, 0.9697265625, -0.0234375)   6.24658320583     25 % 
(0.0009765625, 0.974365234375, -0.021728515625)   6.2563045013     25 % 
(-0.001708984375, 0.97216796875, -0.021728515625)   6.26568011735     25 % 
(0.001708984375, 0.978515625, -0.02099609375)   6.27562185753     25 % 
(0.001708984375, 0.970947265625, -0.023193359375)   6.28517051082     25 % 
(-0.00390625, 0.9765625, -0.022705078125)   6.29471244805     25 % 
(-0.001220703125, 0.97314453125, -0.02197265625)   6.30423779268     25 % 
(-0.001220703125, 0.97705078125, -0.022705078125)   6.31381844601     25 % 
(-0.00048828125, 0.9736328125, -0.022705078125)   6.32379692697     25 % 
(-0.001953125, 0.977783203125, -0.022216796875)   6.33334558026     25 % 
(-0.00244140625, 0.970458984375, -0.0234375)   6.3428164063     25 % 
(-0.001220703125, 0.971435546875, -0.02197265625)   6.35237849171     25 % 
(-0.000244140625, 0.97265625, -0.0224609375)   6.3619093672     25 % 
(-0.002197265625, 0.97705078125, -0.021240234375)   6.37157693421     25 % 
(-0.002197265625, 0.9755859375, -0.024169921875)   6.38103116764     25 % 
(-0.0009765625, 0.97314453125, -0.02099609375)   6.39057824069     25 % 
(-0.002197265625, 0.9736328125, -0.02392578125)   6.40006763465     25 % 
(-0.00048828125, 0.97314453125, -0.02392578125)   6.41918232397     25 % 
(-0.002197265625, 0.9775390625, -0.024658203125)   6.42870687847     25 % 
(-0.001708984375, 0.97314453125, -0.022705078125)   6.43816506252     25 % 
(-0.0009765625, 0.970458984375, -0.02294921875)   6.44773662942     25 % 
(-0.005859375, 0.9736328125, -0.0234375)   6.45771827088     25 % 
(-0.000244140625, 0.972900390625, -0.02099609375)   6.46778248033     25 % 
(-0.003173828125, 0.970947265625, -0.0234375)   6.4777546403     25 % 
(-0.00390625, 0.975341796875, -0.0205078125)   6.48777578798     25 % 
(0.001953125, 0.97216796875, -0.022216796875)   6.49731733015     25 % 
(-0.0009765625, 0.97607421875, -0.020751953125)   6.50687862544     25 % 
(-0.003662109375, 0.97265625, -0.022705078125)   6.51636841446     25 % 
(-0.003662109375, 0.97265625, -0.021728515625)   6.52591351219     25 % 
(-0.00146484375, 0.9736328125, -0.0205078125)   6.53541673333     25 % 
(-0.00390625, 0.9765625, -0.024169921875)   6.54520834988     25 % 
(-0.0009765625, 0.973876953125, -0.02099609375)   6.5549750775     25 % 
(-0.00244140625, 0.97509765625, -0.022216796875)   6.56450516287     25 % 
(-0.003662109375, 0.970947265625, -0.0234375)   6.57400759389     25 % 
(-0.003173828125, 0.9765625, -0.0244140625)   6.58352424714     25 % 
(-0.0009765625, 0.969482421875, -0.025146484375)   6.59311201159     25 % 
(0.0009765625, 0.9716796875, -0.0244140625)   6.6027211094     25 % 
(-0.0009765625, 0.97021484375, -0.020751953125)   6.61215835515     25 % 
(0.00048828125, 0.97265625, -0.021728515625)   6.62217120652     25 % 
(-0.002685546875, 0.97509765625, -0.022216796875)   6.63171393388     25 % 
(-0.001708984375, 0.976318359375, -0.02490234375)   6.64174416799     25 % 
(-0.0029296875, 0.97265625, -0.021240234375)   6.65173134032     25 % 
(-0.00048828125, 0.974609375, -0.022216796875)   6.66190340176     25 % 
(-0.00341796875, 0.97412109375, -0.022216796875)   6.67177916655     25 % 
(-0.002685546875, 0.9736328125, -0.021484375)   6.68185246244     25 % 
(-0.0029296875, 0.97412109375, -0.021240234375)   6.69186728913     25 % 
(-0.00244140625, 0.972900390625, -0.022216796875)   6.70188251087     25 % 
(-0.001220703125, 0.9716796875, -0.02197265625)   6.71138968263     25 % 
(-0.002197265625, 0.9736328125, -0.021240234375)   6.7215593737     25 % 
(-0.000732421875, 0.971435546875, -0.025146484375)   6.73094170581     25 % 
(-0.003173828125, 0.9736328125, -0.021484375)   6.74097786585     25 % 
(-0.0009765625, 0.97265625, -0.02197265625)   6.75052217346     25 % 
(0.001220703125, 0.97314453125, -0.02392578125)   6.76054411126     25 % 
(-0.004150390625, 0.97509765625, -0.022705078125)   6.77053799965     25 % 
(-0.00146484375, 0.97412109375, -0.02294921875)   6.78011272705     25 % 
(-0.003662109375, 0.970703125, -0.0185546875)   6.78961357781     25 % 
(-0.00341796875, 0.97314453125, -0.02099609375)   6.7991476138     25 % 
(0.000244140625, 0.974609375, -0.020751953125)   6.80865794606     25 % 
(0.00048828125, 0.973388671875, -0.0205078125)   6.81871859996     25 % 
(-0.001708984375, 0.971435546875, -0.021484375)   6.82870379698     25 % 
(-0.002197265625, 0.969970703125, -0.02001953125)   6.83875299408     25 % 
(0.0, 0.97314453125, -0.021484375)   6.85773968325     25 % 
(-0.002197265625, 0.973388671875, -0.02197265625)   6.86729979334     25 % 
(-0.00244140625, 0.9765625, -0.02001953125)   6.87686424912     25 % 
(-0.00146484375, 0.97509765625, -0.02294921875)   6.88636747026     25 % 
(-0.0029296875, 0.974609375, -0.02294921875)   6.89598960512     25 % 
(-0.00390625, 0.97265625, -0.0224609375)   6.90589855514     25 % 
(0.00390625, 0.97412109375, -0.0234375)   6.91551081344     25 % 
(-0.003662109375, 0.970947265625, -0.023681640625)   6.92498914567     25 % 
(-0.001953125, 0.970947265625, -0.02099609375)   6.93452673722     25 % 
(-0.002197265625, 0.97314453125, -0.0205078125)   6.95361100675     25 % 
(0.000244140625, 0.973388671875, -0.023193359375)   6.96305378337     25 % 
(-0.002197265625, 0.978759765625, -0.02392578125)   6.97259295517     25 % 
(-0.002685546875, 0.974853515625, -0.021240234375)   6.99219633643     25 % 
(-0.000732421875, 0.97705078125, -0.0234375)   7.00168138471     25 % 
(-0.00341796875, 0.9736328125, -0.021240234375)   7.01134934678     25 % 
(-0.001953125, 0.972900390625, -0.023193359375)   7.02068861711     25 % 
(-0.0009765625, 0.974365234375, -0.022216796875)   7.03024003584     25 % 
(-0.001953125, 0.97265625, -0.021484375)   7.03987204726     25 % 
(-0.00341796875, 0.9755859375, -0.022705078125)   7.04944716972     25 % 
(-0.003173828125, 0.970458984375, -0.021240234375)   7.05898910695     25 % 
(-0.0029296875, 0.97314453125, -0.022216796875)   7.06866497027     25 % 
(-0.003173828125, 0.973388671875, -0.024658203125)   7.07800661097     25 % 
(-0.00244140625, 0.974609375, -0.0244140625)   7.08754064696     25 % 
(-0.003662109375, 0.976806640625, -0.02099609375)   7.09705255947     25 % 
(-0.00146484375, 0.97509765625, -0.021240234375)   7.10651469414     25 % 
(-0.00341796875, 0.97119140625, -0.024169921875)   7.11610798946     25 % 
(-0.001953125, 0.97119140625, -0.0205078125)   7.12563767977     25 % 
(-0.002685546875, 0.9716796875, -0.022216796875)   7.1351973948     25 % 
(-0.001220703125, 0.9736328125, -0.02001953125)   7.14467335665     25 % 
(-0.000244140625, 0.97216796875, -0.0244140625)   7.15471504756     25 % 
(-0.002685546875, 0.97119140625, -0.021728515625)   7.16470854089     25 % 
(-0.00048828125, 0.97607421875, -0.024169921875)   7.17480079976     25 % 
(-0.001220703125, 0.971435546875, -0.0224609375)   7.18484762649     25 % 
(-0.003173828125, 0.976806640625, -0.02099609375)   7.19430225498     25 % 
(-0.001953125, 0.97216796875, -0.024658203125)   7.20383945146     25 % 
(0.0, 0.970458984375, -0.02099609375)   7.21384914234     25 % 
(0.000244140625, 0.9736328125, -0.024169921875)   7.22334920298     25 % 
(-0.0009765625, 0.972900390625, -0.024169921875)   7.23290654764     25 % 
(-0.002685546875, 0.9736328125, -0.021484375)   7.24308927576     25 % 
(-0.001953125, 0.971435546875, -0.01904296875)   7.2524629165     25 % 
(0.000732421875, 0.9736328125, -0.021240234375)   7.2619906315     25 % 
(-0.00537109375, 0.968994140625, -0.0244140625)   7.27154916134     25 % 
(-0.005859375, 0.974853515625, -0.020751953125)   7.28153949417     25 % 
(-0.001708984375, 0.97412109375, -0.022705078125)   7.29103639431     25 % 
(-0.00244140625, 0.97021484375, -0.019287109375)   7.30064983781     25 % 
(-0.001220703125, 0.974609375, -0.0224609375)   7.31060777554     25 % 
(-0.00537109375, 0.969970703125, -0.02294921875)   7.32015010783     25 % 
(-0.00244140625, 0.9755859375, -0.022705078125)   7.32966676109     25 % 
(-0.001708984375, 0.97216796875, -0.0224609375)   7.34871784539     25 % 
(-0.0009765625, 0.974609375, -0.02197265625)   7.35828546167     25 % 
(-0.001220703125, 0.97412109375, -0.021240234375)   7.36778236182     25 % 
(-0.0009765625, 0.972412109375, -0.01904296875)   7.3777762502     25 % 
(-0.0048828125, 0.97021484375, -0.0224609375)   7.38780174357     25 % 
(-0.003173828125, 0.970458984375, -0.0205078125)   7.40690655633     25 % 
(-0.00048828125, 0.97119140625, -0.022705078125)   7.41711535856     25 % 
(-0.00048828125, 0.97216796875, -0.021240234375)   7.42641591279     25 % 
(0.00048828125, 0.9765625, -0.020751953125)   7.43594086235     25 % 
(-0.00537109375, 0.973388671875, -0.02099609375)   7.44547094772     25 % 
(-0.002685546875, 0.97265625, -0.0244140625)   7.45505673686     25 % 
(-0.001708984375, 0.9755859375, -0.020751953125)   7.46506168699     25 % 
(-0.001953125, 0.97314453125, -0.02099609375)   7.47477508121     25 % 
(-0.003662109375, 0.97216796875, -0.022216796875)   7.48460936448     25 % 
(-0.00390625, 0.97314453125, -0.020751953125)   7.49415643752     25 % 
(0.00048828125, 0.973388671875, -0.02197265625)   7.504189042     25 % 
(-0.00439453125, 0.9765625, -0.02392578125)   7.51373413973     25 % 
(-0.006103515625, 0.97265625, -0.0244140625)   7.52368417622     25 % 
(-0.001953125, 0.97314453125, -0.02392578125)   7.53330868145     25 % 
(-0.0009765625, 0.972900390625, -0.023193359375)   7.55222900017     25 % 
(-0.002685546875, 0.97509765625, -0.022705078125)   7.58091051565     25 % 
(-0.002197265625, 0.97314453125, -0.0234375)   7.59996120489     25 % 
(-0.00244140625, 0.97509765625, -0.0224609375)   7.60946126553     25 % 
(-0.002685546875, 0.973388671875, -0.021728515625)   7.62852301652     25 % 
(-0.003173828125, 0.97265625, -0.0205078125)   7.63800608949     25 % 
(0.001220703125, 0.974609375, -0.024169921875)   7.64770684173     25 % 
(-0.001708984375, 0.9736328125, -0.02099609375)   7.65755811266     25 % 
(-0.000244140625, 0.9765625, -0.02294921875)   7.66711506226     25 % 
(-0.001220703125, 0.9716796875, -0.022705078125)   7.676647518     25 % 
(-0.003173828125, 0.97314453125, -0.0234375)   7.6866287644     25 % 
(-0.00048828125, 0.977294921875, -0.021484375)   7.6961940103     25 % 
(-0.003662109375, 0.975830078125, -0.02197265625)   7.70574858953     25 % 
(-0.003662109375, 0.97607421875, -0.025146484375)   7.71573299642     25 % 
(-0.003173828125, 0.97216796875, -0.01953125)   7.72578337871     25 % 
(-0.003662109375, 0.97607421875, -0.0224609375)   7.73577963747     25 % 
(-0.000244140625, 0.97705078125, -0.02197265625)   7.74581579751     25 % 
(-0.0009765625, 0.975830078125, -0.021240234375)   7.75592899468     25 % 
(-0.00390625, 0.97265625, -0.02490234375)   7.76587112992     25 % 
(-0.00390625, 0.97216796875, -0.021728515625)   7.77535420289     25 % 
(0.0029296875, 0.97509765625, -0.022705078125)   7.78493406609     25 % 
(-0.003662109375, 0.9736328125, -0.021240234375)   7.79494454709     25 % 
(0.0, 0.97265625, -0.021728515625)   7.80449083001     25 % 
(-0.000244140625, 0.9765625, -0.02001953125)   7.81473637302     25 % 
(-0.002685546875, 0.9716796875, -0.022216796875)   7.82403495194     25 % 
(-0.001708984375, 0.971923828125, -0.023681640625)   7.83355042001     25 % 
(-0.002197265625, 0.977294921875, -0.01953125)   7.84310973998     25 % 
(-0.002685546875, 0.97607421875, -0.024169921875)   7.85260031913     25 % 
(-0.005859375, 0.97216796875, -0.022216796875)   7.86214225637     25 % 
(-0.002197265625, 0.976318359375, -0.021484375)   7.88163897083     25 % 
(0.00146484375, 0.976806640625, -0.02294921875)   7.89113271048     25 % 
