

Device Info|Serial Number|Firmware Version|Hardware Version
|301992023;17Mar2015N37;TSS-WL                  v2.0.0  

Raw Accelerometer Data|Time|Battery
(0.004150390625, 0.87939453125, 0.016357421875)|2.88443008525|61 % 
(0.05224609375, 1.4345703125, -0.091552734375)|2.89394555332|61 % 
(-0.16748046875, 1.36962890625, -0.31005859375)|2.90346141645|61 % 
(-0.126953125, 1.01904296875, -0.1240234375)|2.9129634524|61 % 
(-0.134033203125, 1.13427734375, -0.1630859375)|2.92251684644|61 % 
(-0.033203125, 0.78955078125, -0.03955078125)|2.93224643822|61 % 
(-0.005859375, 1.1943359375, -0.078369140625)|2.94202106709|61 % 
(-0.20458984375, 1.113037109375, -0.006591796875)|2.95161633772|61 % 
(-0.141357421875, 0.874755859375, -0.10302734375)|2.96111797861|61 % 
(-0.206298828125, 1.0888671875, -0.19091796875)|2.97065122448|61 % 
(-0.156982421875, 0.98681640625, -0.10693359375)|2.98068224871|61 % 
(-0.177490234375, 0.873046875, -0.19384765625)|2.99031149469|61 % 
(-0.20458984375, 1.25830078125, -0.181640625)|2.99973570339|61 % 
(-0.087158203125, 0.76708984375, -0.09326171875)|3.00921917142|61 % 
(-0.0673828125, 0.843994140625, -0.114501953125)|3.01879705932|61 % 
(-0.077392578125, 1.12158203125, -0.138916015625)|3.02834847804|61 % 
(-0.10400390625, 1.040283203125, -0.171875)|3.03817288475|61 % 
(-0.045654296875, 0.902587890625, -0.150390625)|3.04789536541|61 % 
(-0.63525390625, 1.87744140625, 0.476806640625)|3.05725241353|61 % 
(-0.14013671875, 1.999755859375, -0.904541015625)|3.0667824989|61 % 
(0.3271484375, 1.999755859375, -0.439208984375)|3.07631653489|61 % 
(0.07958984375, 0.4912109375, 0.017822265625)|3.08615437371|61 % 
(0.227783203125, 1.51171875, -0.7900390625)|3.09578440982|61 % 
(0.1064453125, 0.511474609375, -0.209716796875)|3.10598373055|61 % 
(-0.003662109375, 1.187744140625, 0.075927734375)|3.11533050706|61 % 
(1.7998046875, 0.815673828125, -0.8173828125)|3.1247950121|61 % 
(0.47119140625, 1.040283203125, -0.347900390625)|3.13479561655|61 % 
(-0.015380859375, 0.99560546875, -0.12255859375)|3.15412877526|61 % 
(-0.077880859375, 1.05712890625, -0.03662109375)|3.16375486075|61 % 
(0.013427734375, 0.90869140625, -0.061767578125)|3.1732130448|61 % 
(-0.014892578125, 1.33740234375, -0.06396484375)|3.18271824125|61 % 
(-0.137939453125, 1.15673828125, 0.551025390625)|3.19273938893|61 % 
(-0.501953125, 1.136962890625, 0.444580078125)|3.20229949902|61 % 
(-0.40478515625, 1.204833984375, 0.312744140625)|3.2216622874|61 % 
(-0.1171875, 0.658203125, -0.008544921875)|3.23083444642|61 % 
(-0.331298828125, 1.16796875, 0.55126953125)|3.24036216142|61 % 
(-0.244140625, 1.1103515625, 0.212646484375)|3.24988869123|61 % 
(-0.166259765625, 0.76416015625, 0.21826171875)|3.25938045556|61 % 
(-0.0400390625, 0.88720703125, -0.690185546875)|3.26894688665|61 % 
(0.037109375, 0.919677734375, -0.29638671875)|3.27859193512|61 % 
(-0.026611328125, 0.9365234375, -0.164306640625)|3.28794898325|61 % 
(0.039794921875, 1.0439453125, -0.30810546875)|3.29745062414|61 % 
(-0.10400390625, 1.265869140625, 0.137939453125)|3.30702614166|61 % 
(0.094970703125, 1.38232421875, 0.248046875)|3.31655978259|61 % 
(-0.010498046875, 0.9169921875, -0.02783203125)|3.32606339879|61 % 
(0.695556640625, 0.552490234375, -0.42724609375)|3.33566775585|61 % 
(0.708984375, 0.8251953125, -0.101318359375)|3.34511685347|61 % 
(0.652587890625, 1.324462890625, 0.3408203125)|3.35466669195|61 % 
(0.40625, 0.90625, 0.037109375)|3.36412527106|61 % 
(0.46044921875, 1.211669921875, 0.005126953125)|3.37368893672|61 % 
(-0.22021484375, 0.72509765625, 0.338134765625)|3.38321191097|61 % 
(-0.178955078125, 0.76171875, -0.01220703125)|3.39280481123|61 % 
(0.280517578125, 0.094482421875, -0.47314453125)|3.40222862486|61 % 
(0.032470703125, 0.680908203125, -0.626220703125)|3.41175950036|61 % 
(-0.02490234375, 0.86669921875, -0.7568359375)|3.42127891905|61 % 
(-0.208984375, 1.046875, 0.185791015625)|3.43081255998|61 % 
(-0.086181640625, 1.0234375, 0.137939453125)|3.44037148488|61 % 
(0.0751953125, 0.78759765625, -0.0732421875)|3.44998097776|61 % 
(-0.1201171875, 0.877685546875, 0.2041015625)|3.45938859384|61 % 
(0.181640625, 0.808349609375, 0.353515625)|3.46893566689|61 % 
(-0.733642578125, 1.32861328125, 1.362548828125)|3.47844797446|61 % 
(-0.470703125, 0.973876953125, 0.85302734375)|3.48794882522|61 % 
(-0.418212890625, 0.975830078125, 0.67578125)|3.5071591196|61 % 
(-0.33349609375, 1.205322265625, -0.022216796875)|3.51660663697|61 % 
(-0.108642578125, 1.086181640625, 0.161865234375)|3.52609366056|61 % 
(-0.020263671875, 0.885498046875, -0.05224609375)|3.53558898045|61 % 
(0.020751953125, 1.034912109375, 0.3408203125)|3.54509575715|61 % 
(0.08349609375, 0.669677734375, -0.360107421875)|3.55468549691|61 % 
(0.114990234375, 1.2255859375, 0.22509765625)|3.5643961257|61 % 
(0.175048828125, 0.896240234375, -0.6083984375)|3.57368048239|61 % 
(0.083740234375, 1.042236328125, -0.164794921875)|3.58324691348|61 % 
(0.109619140625, 0.715087890625, 0.0224609375)|3.59276119636|61 % 
(-0.0615234375, 1.62109375, -0.0625)|3.60277878848|61 % 
(0.13232421875, 1.20751953125, -0.21728515625)|3.61224961452|61 % 
(0.141845703125, 1.011962890625, -0.292724609375)|3.62198276186|61 % 
(0.952880859375, 1.164794921875, -0.47021484375)|3.63135798284|61 % 
(1.09423828125, 0.642333984375, -0.9052734375)|3.64086357436|61 % 
(0.1259765625, 1.115966796875, -0.524169921875)|3.65039128935|61 % 
(0.071044921875, 0.884765625, -0.691650390625)|3.65993559696|61 % 
(0.090576171875, 0.751708984375, -0.85693359375)|3.6694597564|61 % 
(0.504150390625, 0.546142578125, -0.465087890625)|3.67901591587|61 % 
(0.39453125, 0.91650390625, 0.029541015625)|3.68854205062|61 % 
(0.152587890625, 1.418701171875, -0.054931640625)|3.69806897549|61 % 
(0.021728515625, 0.956787109375, 0.58544921875)|3.70756192501|61 % 
(0.08837890625, 1.556640625, -0.02734375)|3.71711255361|61 % 
(0.17431640625, 0.74951171875, 0.399658203125)|3.7362390948|61 % 
(0.059326171875, 1.392822265625, 0.57275390625)|3.74567476031|61 % 
(-0.200439453125, 1.189208984375, -0.29248046875)|3.75564494496|61 % 
(-0.349853515625, 0.794921875, -0.4970703125)|3.76521848717|61 % 
(-0.0966796875, 0.89794921875, -0.22802734375)|3.77518630146|61 % 
(0.093994140625, 0.680908203125, -0.0126953125)|3.78478196715|61 % 
(-0.610107421875, 0.710205078125, 1.783203125)|3.80431502734|61 % 
(-0.33447265625, 1.080078125, 1.239013671875)|3.81383721146|61 % 
(-0.1513671875, 1.0048828125, 0.6337890625)|3.82338546969|61 % 
(-0.232177734375, 0.834716796875, 0.404296875)|3.83341372849|61 % 
(-0.205322265625, 1.008544921875, 0.690185546875)|3.84293235706|61 % 
(-0.119140625, 1.09619140625, 0.513427734375)|3.85258254133|61 % 
(-0.009765625, 1.2060546875, 0.006103515625)|3.86197751543|61 % 
(0.546630859375, 0.971435546875, -0.1533203125)|3.8810289948|61 % 
(-0.0341796875, 0.835205078125, 0.0703125)|3.89085379657|61 % 
(-0.12353515625, 1.230224609375, 0.455078125)|3.90083346272|61 % 
(0.096435546875, 1.3916015625, -0.373046875)|3.91054883226|61 % 
(0.021240234375, 0.845947265625, -0.368896484375)|3.92041827605|61 % 
(-0.129150390625, 0.981689453125, 0.426513671875)|3.92993927499|61 % 
(0.007568359375, 0.95751953125, 0.03662109375)|3.93958669383|61 % 
(0.043212890625, 0.89306640625, 0.147705078125)|3.94907016186|61 % 
(0.1103515625, 0.93896484375, -0.320068359375)|3.95861565466|61 % 
(-0.0166015625, 1.18310546875, -0.138671875)|3.96863206159|61 % 
(0.025390625, 0.929443359375, 0.115966796875)|3.97814910991|61 % 
(-0.02685546875, 1.272705078125, -0.273681640625)|3.9881868502|61 % 
(0.0791015625, 1.263916015625, -0.23876953125)|3.99767110835|61 % 
(0.04736328125, 0.8974609375, -0.231201171875)|4.00723319376|61 % 
(0.00146484375, 1.061767578125, -0.314453125)|4.01677473593|61 % 
(0.10009765625, 1.182861328125, -0.31396484375)|4.026283883|61 % 
(0.0869140625, 0.89599609375, -0.095947265625)|4.0358293758|61 % 
(0.049560546875, 0.903076171875, -0.150634765625)|4.04532232532|61 % 
(-0.86083984375, 1.1044921875, -2.0)|4.05485794156|61 % 
(-0.21337890625, 0.83349609375, -1.397216796875)|4.06439197755|61 % 
(-0.49267578125, 0.809326171875, -1.302734375)|4.07387663077|61 % 
(-0.149658203125, 1.0, -1.466064453125)|4.08349560513|61 % 
(0.14013671875, 0.4970703125, 0.156005859375)|4.10262570188|61 % 
(-0.004150390625, 0.7548828125, -0.907958984375)|4.11250976297|61 % 
(0.053466796875, 1.030029296875, -0.99609375)|4.12202720635|61 % 
(0.13623046875, 1.166748046875, 0.655029296875)|4.13200845275|61 % 
(-0.04052734375, 0.927978515625, 0.5390625)|4.14161478512|61 % 
(-0.06005859375, 1.099853515625, 0.5634765625)|4.15155613024|61 % 
(0.266357421875, 1.09326171875, -0.303955078125)|4.1611427095|61 % 
(0.251708984375, 1.486328125, 0.486328125)|4.17068543686|61 % 
(0.179443359375, 0.781494140625, -0.077880859375)|4.18024712721|61 % 
(0.023193359375, 1.41357421875, 0.6611328125)|4.18970057051|61 % 
(0.394775390625, 0.18603515625, 0.22314453125)|4.19929821151|61 % 
(0.077392578125, 0.8935546875, -0.03955078125)|4.20878167954|61 % 
(0.019775390625, 1.470947265625, -0.125244140625)|4.21828806118|61 % 
(0.13818359375, 0.876220703125, -0.031494140625)|4.22783671447|61 % 
(0.282958984375, 1.337646484375, 0.228515625)|4.23735494798|61 % 
(0.033203125, 1.028564453125, 0.10400390625)|4.24685421849|61 % 
(0.1669921875, 0.517333984375, 0.08154296875)|4.25659210658|61 % 
(0.130615234375, 0.779296875, 0.107421875)|4.26594836458|61 % 
(0.0146484375, 1.193115234375, 0.0859375)|4.28543125187|61 % 
(0.133544921875, 0.592041015625, 0.03125)|4.29495936193|61 % 
(0.05517578125, 1.19140625, 0.050048828125)|4.30450248435|61 % 
(0.321533203125, 0.922607421875, 1.1083984375)|4.32357332177|61 % 
(0.24462890625, 1.312744140625, 0.63525390625)|4.33309945651|61 % 
(0.42822265625, 0.84228515625, -0.0771484375)|4.34258568998|61 % 
(0.48095703125, 0.9482421875, 0.172607421875)|4.35217147912|61 % 
(-1.2978515625, 0.921875, 0.82470703125)|4.36170709536|61 % 
(-0.800048828125, 0.94287109375, 0.419189453125)|4.37142957602|61 % 
(-0.216552734375, 1.928466796875, -0.151611328125)|4.38076252535|61 % 
(-0.80029296875, 0.326171875, -1.461669921875)|4.39074100631|61 % 
(-0.8427734375, 1.24462890625, -1.0791015625)|4.40034141275|61 % 
(-1.141357421875, 1.443359375, -0.004638671875)|4.4103001406|61 % 
(-0.530517578125, 1.025390625, -0.353515625)|4.41984681858|61 % 
(-0.158203125, 0.60791015625, 0.1025390625)|4.42966806479|61 % 
(-0.216796875, 1.053955078125, -0.191162109375)|4.43894412517|61 % 
(-0.512451171875, 1.999755859375, -1.028564453125)|4.44877406274|61 % 
(0.148681640625, 1.09912109375, 0.168701171875)|4.45882642034|61 % 
(0.165283203125, 0.568603515625, -0.447265625)|4.46837309832|61 % 
(0.20068359375, 0.970458984375, -0.12890625)|4.4783326163|61 % 
(0.32568359375, 1.144287109375, 0.097412109375)|4.48817914648|61 % 
(0.235595703125, 0.711669921875, -0.077392578125)|4.4978905654|61 % 
(0.037841796875, 1.039306640625, -0.016845703125)|4.50741749027|61 % 
(-0.0146484375, 1.010009765625, 0.014892578125)|4.51693769909|61 % 
(0.002685546875, 0.91845703125, -0.07568359375)|4.5264693647|61 % 
(-0.02880859375, 0.974609375, -0.031494140625)|4.53601090688|61 % 
(0.014892578125, 0.86865234375, -0.056884765625)|4.54609565957|61 % 
(-0.00830078125, 0.982421875, -0.05517578125)|4.55605833804|61 % 
(-0.01123046875, 0.991455078125, -0.049560546875)|4.56562160864|61 % 
(-0.008056640625, 0.9462890625, -0.05419921875)|4.57514932363|61 % 
(0.0009765625, 0.996337890625, -0.01953125)|4.58467190282|61 % 
(0.006103515625, 0.947998046875, -0.01953125)|4.59421067956|61 % 
(-0.003662109375, 0.971435546875, -0.02001953125)|4.60454511156|61 % 
(0.513427734375, 0.93212890625, -0.04443359375)|4.61377297435|61 % 
(-0.876953125, 1.4453125, -0.072021484375)|4.62328054117|61 % 
(-0.2998046875, 0.85888671875, 0.44921875)|4.63280944135|61 % 
(-0.0908203125, 1.11669921875, -0.0576171875)|4.6423272798|61 % 
(0.00830078125, 0.667724609375, -0.00830078125)|4.65186368616|61 % 
(0.27392578125, 1.07470703125, -0.032470703125)|4.66157036433|61 % 
(0.375244140625, 1.340576171875, 0.511962890625)|4.68094974532|61 % 
(0.097900390625, 1.290283203125, 0.08056640625)|4.69049602824|61 % 
(0.08251953125, 1.1669921875, -0.016357421875)|4.70000833581|61 % 
(0.132568359375, 0.934326171875, -0.138916015625)|4.70955856935|61 % 
(0.068359375, 0.9404296875, -0.132568359375)|4.71910840783|61 % 
(-0.190673828125, 0.96923828125, -0.07275390625)|4.72860135735|61 % 
(-0.265625, 0.95068359375, 0.088623046875)|4.73809983775|61 % 
(0.164794921875, 1.00439453125, -0.205078125)|4.74814389903|61 % 
(0.138427734375, 0.999267578125, 0.01611328125)|4.75764435474|61 % 
(0.107177734375, 0.946044921875, -0.123779296875)|4.76716258824|61 % 
(0.245849609375, 0.949951171875, -0.197509765625)|4.77696724184|61 % 
(0.07568359375, 0.92822265625, -0.169189453125)|4.78671303117|61 % 
(0.13330078125, 0.952392578125, -0.153564453125)|4.79623284492|61 % 
(0.051513671875, 0.70947265625, -0.00146484375)|4.80577438709|61 % 
(-0.03955078125, 1.1103515625, -0.01318359375)|4.81578012734|61 % 
(-0.209228515625, 1.137451171875, 0.10791015625)|4.82532206458|61 % 
(-0.148193359375, 1.0634765625, -0.18896484375)|4.83512237249|61 % 
(0.514892578125, 0.0556640625, -0.13330078125)|4.84481956917|61 % 
(-0.080322265625, 1.51513671875, 0.06591796875)|4.8544180003|61 % 
(-0.1923828125, 0.839599609375, -0.00244140625)|4.86390541895|61 % 
(-0.339111328125, 1.406005859375, -0.024658203125)|4.87348528216|61 % 
(-0.185302734375, 0.746826171875, 0.0380859375)|4.8834681088|61 % 
(-0.016845703125, 0.9833984375, 0.054443359375)|4.89306100906|61 % 
(-0.02783203125, 0.984619140625, 0.0126953125)|4.90254368697|61 % 
(0.001953125, 0.974853515625, 0.0107421875)|4.91254508153|61 % 
(0.003173828125, 0.97509765625, -0.0166015625)|4.92208385827|61 % 
(-0.002685546875, 0.9658203125, -0.02001953125)|4.93165107949|61 % 
(0.000244140625, 0.987060546875, -0.0166015625)|4.94113612777|61 % 
(0.0, 0.9697265625, -0.0185546875)|4.95083016395|61 % 
(0.000244140625, 0.972900390625, -0.020751953125)|4.9601880022|61 % 
(0.000732421875, 0.971435546875, -0.021240234375)|4.97025497709|61 % 
(-0.01708984375, 0.98681640625, -0.02880859375)|4.98021647038|61 % 
(-0.13427734375, 0.9716796875, -0.045166015625)|4.98974734587|61 % 
(-0.184326171875, 0.9794921875, -0.06298828125)|4.99928375224|61 % 
(-0.1923828125, 0.977783203125, -0.063232421875)|5.00883833146|61 % 
(-0.165283203125, 1.005859375, -0.056884765625)|5.01835775015|61 % 
(-0.081298828125, 0.90087890625, -0.04638671875)|5.02833386074|61 % 
(-0.09716796875, 1.065673828125, -0.31689453125)|5.03789199553|61 % 
(-1.41845703125, 0.836669921875, 0.08056640625)|5.04740864878|61 % 
(0.76953125, 1.353759765625, 0.141357421875)|5.05695611689|61 % 
(-0.205322265625, 0.823486328125, 0.28857421875)|5.06667346174|61 % 
(-0.147705078125, 1.231201171875, 0.08935546875)|5.07600127526|61 % 
(0.023193359375, 1.236572265625, -0.097900390625)|5.08550686677|61 % 
(-0.037353515625, 0.875732421875, 0.109375)|5.09508198923|61 % 
(-0.083740234375, 0.966064453125, 0.076416015625)|5.10459113631|61 % 
(0.01953125, 0.986572265625, -0.04833984375)|5.12398118398|61 % 
(-0.019775390625, 1.09033203125, -0.046630859375)|5.1331146269|61 % 
(-0.04638671875, 1.056396484375, -0.00732421875)|5.14267750243|61 % 
(-0.068359375, 1.06884765625, 0.00146484375)|5.15271682297|61 % 
(-0.093994140625, 1.27734375, -0.04443359375)|5.16269964962|61 % 
(-0.235107421875, 1.436279296875, 0.0478515625)|5.18207942567|61 % 
(-0.41943359375, 1.72802734375, -0.04931640625)|5.19130294278|61 % 
(-0.453857421875, 1.7890625, 0.077392578125)|5.20130354722|61 % 
(-0.539794921875, 1.611083984375, 0.030029296875)|5.21084745977|61 % 
(-0.48046875, 1.79052734375, 0.13330078125)|5.22041547111|61 % 
(-0.24658203125, 1.999755859375, 0.112060546875)|5.23036629772|61 % 
(-0.442138671875, 1.82568359375, 0.0048828125)|5.24020571679|61 % 
(-0.0869140625, 1.441650390625, -0.177978515625)|5.24945846849|61 % 
(-0.136962890625, 1.21435546875, -0.02099609375)|5.25897630693|61 % 
(-0.077392578125, 0.79736328125, -0.169189453125)|5.26894688665|61 % 
(0.228759765625, -0.25, -0.4091796875)|5.27855598446|61 % 
(0.109375, -0.274658203125, -0.0751953125)|5.28805130436|61 % 
(0.103271484375, -0.423828125, 0.165283203125)|5.29775403191|61 % 
(0.182373046875, -0.56201171875, 0.210205078125)|5.30710752447|61 % 
(0.219482421875, -0.597412109375, 0.25634765625)|5.31693469661|61 % 
(0.2578125, -0.490234375, 0.2568359375)|5.32800828999|61 % 
(0.272216796875, -0.537841796875, 0.403564453125)|5.33640494191|61 % 
(0.201416015625, -0.443603515625, 0.35888671875)|5.34598441006|61 % 
(0.0810546875, -0.185791015625, 0.151611328125)|5.35557335969|61 % 
(0.1943359375, -0.3310546875, 0.06103515625)|5.36502996349|61 % 
(0.2158203125, -0.05224609375, 0.15380859375)|5.37505071611|61 % 
(0.198486328125, 0.50537109375, 0.162109375)|5.38465546823|61 % 
(0.040283203125, 0.771240234375, 0.135986328125)|5.39413617083|61 % 
(-0.067138671875, 1.087646484375, 0.327392578125)|5.40413045428|61 % 
(-0.227294921875, 1.999755859375, 0.34765625)|5.4327195252|61 % 
(-0.379150390625, 1.999755859375, 0.318359375)|5.45174848602|61 % 
(0.20458984375, 1.403564453125, -0.3720703125)|5.46128726276|61 % 
(0.03076171875, 0.461669921875, -0.01171875)|5.47101843479|61 % 
(-0.152587890625, 0.03955078125, 0.099365234375)|5.48035177918|61 % 
(-0.08935546875, -0.759033203125, 0.21484375)|5.48988146949|61 % 
(-0.003662109375, -0.785888671875, 0.2734375)|5.49943644378|61 % 
(0.143798828125, -0.624755859375, 0.183837890625)|5.50894124516|61 % 
(0.1865234375, -0.345703125, 0.12890625)|5.52809109502|61 % 
(0.17138671875, -0.118896484375, 0.089111328125)|5.53647036421|61 % 
(0.125244140625, -0.141845703125, 0.154296875)|5.54349931081|61 % 
(0.16748046875, -0.191650390625, 0.0517578125)|5.55149220918|61 % 
(0.17724609375, -0.159912109375, 0.029296875)|5.56959751458|61 % 
(-0.106689453125, 0.472900390625, 0.35986328125)|5.57923782231|61 % 
(-0.179931640625, 1.2119140625, 0.255126953125)|5.58871299403|61 % 
(-0.44287109375, 1.72216796875, 0.232421875)|5.59868278362|61 % 
(-0.663330078125, 1.999755859375, 0.419189453125)|5.60825751102|61 % 
(-0.19091796875, 1.999755859375, -0.0234375)|5.61773189262|61 % 
(-0.1865234375, 1.572998046875, -0.4833984375)|5.64634150678|61 % 
(-0.22900390625, 0.830810546875, -0.347412109375)|5.65585183903|61 % 
(-0.169677734375, 0.079345703125, -0.111572265625)|5.66535664042|61 % 
(-0.130859375, -0.503662109375, -0.0439453125)|5.67487763936|61 % 
(-0.0859375, -1.08203125, 0.087890625)|5.68484466352|61 % 
(-0.04150390625, -1.218017578125, 0.14306640625)|5.70389021696|61 % 
(0.143310546875, -0.868896484375, 0.130859375)|5.71342938876|61 % 
(0.188232421875, -0.7578125, 0.079345703125)|5.72295196794|61 % 
(0.185546875, -0.4970703125, -0.005126953125)|5.74206981776|61 % 
(0.15185546875, -0.251708984375, -0.0732421875)|5.75156948334|61 % 
(-0.1767578125, 0.348876953125, 0.104248046875)|5.7610588773|61 % 
(-0.52099609375, 1.58203125, 0.240234375)|5.77108042005|61 % 
(-0.676513671875, 1.999755859375, 0.455322265625)|5.78057257944|61 % 
(-0.63330078125, 1.999755859375, 0.134765625)|5.79014967721|61 % 
(-0.37939453125, 1.999755859375, -0.2177734375)|5.80015344216|61 % 
(-0.3330078125, 1.999755859375, -0.333984375)|5.80982179929|61 % 
(-0.24462890625, 0.971923828125, -0.42236328125)|5.81970981101|61 % 
(0.096435546875, 0.691650390625, -0.127685546875)|5.82928532854|61 % 
(-0.18505859375, 0.00732421875, -0.054443359375)|5.83882726577|61 % 
(-0.372802734375, -0.395263671875, 0.197021484375)|5.84878678375|61 % 
(-0.26220703125, -0.382568359375, 0.13037109375)|5.85834452347|61 % 
(-0.164306640625, -0.474853515625, 0.2099609375)|5.86834038717|61 % 
(0.00439453125, -0.3037109375, 0.135986328125)|5.87786612685|61 % 
(0.185546875, 0.371337890625, 0.070556640625)|5.91598133252|61 % 
(0.163818359375, 1.04345703125, 0.0791015625)|5.92615773964|61 % 
(-0.02978515625, 1.6943359375, 0.16748046875)|5.93549068898|61 % 
(-0.129638671875, 1.999755859375, 0.20654296875)|5.94507568799|61 % 
(-0.155517578125, 1.999755859375, 0.148681640625)|5.95508379862|61 % 
(-0.053466796875, 1.646240234375, 0.020751953125)|5.96508874875|61 % 
(-0.022216796875, 1.335205078125, -0.024658203125)|5.97461093287|61 % 
(-0.206298828125, 0.810302734375, -0.0185546875)|5.98440808029|61 % 
(-0.2626953125, 0.59033203125, 0.001220703125)|5.99366201718|61 % 
(-0.29150390625, 0.498046875, 0.042236328125)|6.00319881861|61 % 
(-0.324951171875, 0.55126953125, 0.078125)|6.01320890454|61 % 
(-0.24755859375, 0.65673828125, 0.05224609375)|6.02280891592|61 % 
(-0.140869140625, 0.871337890625, 0.00732421875)|6.03225880366|61 % 
(-0.07763671875, 1.072998046875, 0.021240234375)|6.0419741732|61 % 
(-0.318115234375, 1.28173828125, 0.165283203125)|6.05135650531|61 % 
(-0.056640625, 1.3525390625, -0.084716796875)|6.06084787459|61 % 
(-0.063720703125, 1.1640625, -0.01318359375)|6.07033924386|61 % 
(-0.1298828125, 1.105712890625, 0.0126953125)|6.07991199595|61 % 
(-0.03271484375, 0.900146484375, -0.02734375)|6.09903419145|61 % 
(-0.00634765625, 1.159423828125, 0.0107421875)|6.11800863369|61 % 
(-0.00537109375, 0.958740234375, -0.021484375)|6.1280681024|61 % 
(-0.0732421875, 0.90234375, -0.0234375)|6.13805764511|61 % 
(0.052978515625, 0.4140625, -0.059326171875)|6.17670144399|61 % 
(-0.086669921875, 1.079833984375, -0.045654296875)|6.18665898666|61 % 
(-0.21435546875, 0.9501953125, -0.05322265625)|6.20574720681|61 % 
(-0.5166015625, 0.873779296875, 0.11767578125)|6.21546652697|61 % 
(0.656005859375, 1.07177734375, -0.03369140625)|6.25436830147|61 % 
(0.47021484375, -2.0, -0.69091796875)|6.26384228801|61 % 
(0.247314453125, 1.221435546875, -0.3251953125)|6.27361928725|61 % 
(0.258544921875, -0.19775390625, 0.0078125)|6.28293840941|61 % 
(0.110595703125, 0.24658203125, -0.04833984375)|6.29297338426|61 % 
(0.083251953125, 0.810546875, -0.079833984375)|6.30303166779|61 % 
(0.132080078125, 1.185791015625, -0.088134765625)|6.31302713643|61 % 
(0.01220703125, 1.083984375, -0.02197265625)|6.32254260449|61 % 
(-0.00732421875, 1.050048828125, -0.020751953125)|6.33207940592|61 % 
(0.0029296875, 0.940673828125, -0.021240234375)|6.34160672585|61 % 
(-0.00537109375, 0.98583984375, -0.02001953125)|6.35115972483|61 % 
(-0.00390625, 0.989501953125, -0.0224609375)|6.3606720324|61 % 
(-0.002197265625, 0.96044921875, -0.0224609375)|6.3706971307|61 % 
(-0.002685546875, 0.971923828125, -0.02197265625)|6.38023669756|61 % 
(-0.003173828125, 0.98046875, -0.02197265625)|6.38997735108|61 % 
(-0.001953125, 0.978515625, -0.02294921875)|6.41899111387|61 % 
(-0.001708984375, 0.9755859375, -0.021728515625)|6.42854292766|61 % 
(-0.002197265625, 0.97412109375, -0.022216796875)|6.43804575373|61 % 
(-0.00341796875, 0.974365234375, -0.0185546875)|6.44832448196|61 % 
(-0.002197265625, 0.9765625, -0.023681640625)|6.45758592504|61 % 
(-0.001708984375, 0.973876953125, -0.02001953125)|6.47665202171|61 % 
(-0.000244140625, 0.9755859375, -0.021484375)|6.48835534422|61 % 
(-0.000732421875, 0.97021484375, -0.01953125)|6.50572188332|61 % 
(-0.0009765625, 0.979736328125, -0.022705078125)|6.51494698068|61 % 
(0.001708984375, 0.970947265625, -0.022705078125)|6.52448536235|61 % 
(-0.00390625, 0.970703125, -0.021240234375)|6.53402137365|61 % 
(-0.002197265625, 0.975341796875, -0.01904296875)|6.54351590343|61 % 
(0.000244140625, 0.97802734375, -0.021484375)|6.55305230979|61 % 
(-0.00048828125, 0.97216796875, -0.023681640625)|6.56321014899|61 % 
(-0.000732421875, 0.9736328125, -0.021240234375)|6.57266793798|61 % 
(-0.0009765625, 0.968994140625, -0.021484375)|6.58217906036|61 % 
(-0.00390625, 0.98779296875, -0.0185546875)|6.59171507166|61 % 
(-0.002685546875, 0.979248046875, -0.02001953125)|6.60119379895|61 % 
(-0.0009765625, 0.964111328125, -0.0185546875)|6.61070452627|61 % 
(0.0009765625, 0.971923828125, -0.02001953125)|6.62031085864|61 % 
(0.0, 0.9697265625, -0.02001953125)|6.62978326493|61 % 
(-0.002197265625, 0.9716796875, -0.021728515625)|6.63965942478|61 % 
(-0.001953125, 0.9765625, -0.0224609375)|6.64917410272|61 % 
(-0.001708984375, 0.973876953125, -0.02099609375)|6.6586800893|61 % 
(-0.001708984375, 0.968994140625, -0.01611328125)|6.66825086608|61 % 
(0.0009765625, 0.97265625, -0.01953125)|6.67811398888|61 % 
(-0.00341796875, 0.97265625, -0.021484375)|6.68732407387|61 % 
(-0.002197265625, 0.974609375, -0.0205078125)|6.69684072712|61 % 
(-0.003173828125, 0.97119140625, -0.01904296875)|6.70639135572|61 % 
(0.002197265625, 0.9697265625, -0.020263671875)|6.71586968794|61 % 
(-0.00439453125, 0.970947265625, -0.02197265625)|6.73547109389|61 % 
(-0.00341796875, 0.973876953125, -0.020751953125)|6.74496127798|61 % 
(-0.000244140625, 0.9736328125, -0.021240234375)|6.75444790651|61 % 
(0.000244140625, 0.97216796875, -0.01953125)|6.76450105422|61 % 
(-0.000244140625, 0.97314453125, -0.02001953125)|6.77403192972|61 % 
(0.0, 0.970458984375, -0.0224609375)|6.78360547193|61 % 
(-0.003173828125, 0.9736328125, -0.02099609375)|6.79322721173|61 % 
(0.000732421875, 0.975341796875, -0.01806640625)|6.80263127225|61 % 
(-0.001708984375, 0.974609375, -0.02099609375)|6.81257182725|61 % 
(-0.00244140625, 0.96875, -0.02099609375)|6.82216433244|61 % 
(-0.002197265625, 0.9755859375, -0.0185546875)|6.83168375113|61 % 
(-0.001708984375, 0.975830078125, -0.01904296875)|6.85079646514|61 % 
(-0.001708984375, 0.97021484375, -0.02001953125)|6.86022462446|61 % 
(-0.000244140625, 0.97265625, -0.02197265625)|6.86978591975|61 % 
(-0.003173828125, 0.97314453125, -0.021728515625)|6.89839039809|61 % 
(-0.003173828125, 0.969970703125, -0.019775390625)|6.90795959462|61 % 
(-0.001953125, 0.9755859375, -0.021484375)|6.91738301319|61 % 
(-0.001220703125, 0.97900390625, -0.021728515625)|6.92692495043|61 % 
(-0.001953125, 0.97216796875, -0.022216796875)|6.93695676479|61 % 
(-0.0009765625, 0.971923828125, -0.022216796875)|6.94703835698|61 % 
(0.002685546875, 0.97509765625, -0.021728515625)|6.95702039351|61 % 
(0.000732421875, 0.976806640625, -0.023193359375)|6.96677250383|61 % 
(-0.001953125, 0.977783203125, -0.021240234375)|6.97608332968|61 % 
(-0.002197265625, 0.9755859375, -0.021240234375)|6.98608077363|61 % 
(-0.00048828125, 0.971923828125, -0.01806640625)|6.99563890841|61 % 
(-0.003173828125, 0.9736328125, -0.01953125)|7.00565096966|61 % 
(-0.000244140625, 0.9765625, -0.0185546875)|7.01518303034|61 % 
(-0.00537109375, 0.972412109375, -0.018798828125)|7.0249169678|61 % 
(-0.002685546875, 0.9697265625, -0.022705078125)|7.03421673191|61 % 
(-0.000732421875, 0.976806640625, -0.020263671875)|7.04424459565|61 % 
(-0.000732421875, 0.97607421875, -0.017578125)|7.05422031117|61 % 
(-0.00244140625, 0.973388671875, -0.02099609375)|7.06376145829|61 % 
(-0.00244140625, 0.972412109375, -0.02001953125)|7.07376680348|61 % 
(-0.00048828125, 0.974609375, -0.021240234375)|7.08344938285|61 % 
(0.001708984375, 0.974365234375, -0.0224609375)|7.0932733945|61 % 
(-0.0009765625, 0.9736328125, -0.02197265625)|7.10290738122|61 % 
(-0.000732421875, 0.9716796875, -0.020263671875)|7.11241415792|61 % 
(-0.00146484375, 0.970458984375, -0.01904296875)|7.12242029324|61 % 
(0.00048828125, 0.97607421875, -0.020751953125)|7.13195314404|61 % 
(-0.001708984375, 0.97412109375, -0.0185546875)|7.14203750167|61 % 
(-0.00048828125, 0.970947265625, -0.02001953125)|7.15145736469|61 % 
(-0.001708984375, 0.970703125, -0.02099609375)|7.1800705344|61 % 
(-0.003173828125, 0.971435546875, -0.022705078125)|7.18957573086|61 % 
(0.0, 0.97119140625, -0.01806640625)|7.19917732248|61 % 
(-0.0009765625, 0.975830078125, -0.0185546875)|7.20864498802|61 % 
(-0.002197265625, 0.97509765625, -0.02001953125)|7.21857685165|61 % 
(-0.0009765625, 0.97705078125, -0.019775390625)|7.22856125854|61 % 
(-0.003662109375, 0.967529296875, -0.020751953125)|7.23809371428|61 % 
(-0.0009765625, 0.974609375, -0.023193359375)|7.24762498484|61 % 
(-0.002685546875, 0.972412109375, -0.0185546875)|7.2578981822|61 % 
(-0.0029296875, 0.97265625, -0.0185546875)|7.26716713146|61 % 
(-0.0009765625, 0.974609375, -0.021484375)|7.27707924197|61 % 
(-0.00244140625, 0.97314453125, -0.01953125)|7.28664685825|61 % 
(-0.000244140625, 0.97412109375, -0.01806640625)|7.29610622748|61 % 
(0.00048828125, 0.973876953125, -0.02294921875)|7.30564737459|61 % 
(-0.00048828125, 0.97509765625, -0.02099609375)|7.32472413794|61 % 
(0.00146484375, 0.972412109375, -0.01904296875)|7.33425501344|61 % 
(-0.002197265625, 0.97705078125, -0.02099609375)|7.34376495064|61 % 
(-0.001953125, 0.97607421875, -0.02099609375)|7.35329187551|61 % 
(0.001220703125, 0.972900390625, -0.019775390625)|7.36281208432|61 % 
(0.0, 0.97265625, -0.02197265625)|7.3818833168|61 % 
(-0.00146484375, 0.97509765625, -0.022216796875)|7.39189182249|61 % 
(0.000244140625, 0.9716796875, -0.021240234375)|7.40148906843|61 % 
(-0.001708984375, 0.9755859375, -0.020751953125)|7.41106261064|61 % 
(-0.00048828125, 0.9765625, -0.02001953125)|7.42084237532|61 % 
(-0.001708984375, 0.972412109375, -0.021240234375)|7.43051152258|61 % 
(0.001220703125, 0.96728515625, -0.02001953125)|7.43991795348|61 % 
(-0.00390625, 0.97314453125, -0.021484375)|7.44941880425|61 % 
(-0.005126953125, 0.9765625, -0.02197265625)|7.45893111182|61 % 
(-0.0029296875, 0.9736328125, -0.02099609375)|7.46900914846|61 % 
(-0.00244140625, 0.97412109375, -0.021484375)|7.47851394984|61 % 
(-0.00048828125, 0.974609375, -0.02197265625)|7.48829134415|61 % 
(-0.00439453125, 0.973876953125, -0.02294921875)|7.4975729354|61 % 
(-0.0009765625, 0.9716796875, -0.02294921875)|7.50710934176|61 % 
(-0.0009765625, 0.971923828125, -0.0185546875)|7.51663705676|61 % 
(-0.002197265625, 0.974609375, -0.023193359375)|7.52667953779|61 % 
(0.0, 0.975341796875, -0.01953125)|7.53824261323|61 % 
(-0.00048828125, 0.970947265625, -0.01806640625)|7.54769487134|61 % 
(-0.000732421875, 0.974609375, -0.01953125)|7.56669894325|61 % 
(-0.001708984375, 0.97412109375, -0.022705078125)|7.57625628791|61 % 
(-0.00146484375, 0.970703125, -0.02001953125)|7.58577965722|61 % 
(-0.002197265625, 0.97607421875, -0.01806640625)|7.59550845887|61 % 
(0.0009765625, 0.9775390625, -0.0224609375)|7.60487972924|61 % 
(-0.003173828125, 0.97412109375, -0.0205078125)|7.61439717262|61 % 
(-0.00244140625, 0.971435546875, -0.01904296875)|7.62438394989|61 % 
(-0.00146484375, 0.972900390625, -0.02294921875)|7.64343384901|61 % 
(-0.001953125, 0.974609375, -0.01806640625)|7.65296116894|61 % 
(0.00048828125, 0.971435546875, -0.02099609375)|7.6624505629|61 % 
(-0.001953125, 0.97412109375, -0.01953125)|7.67197314209|61 % 
(-0.001220703125, 0.96875, -0.02001953125)|7.681532067|61 % 
(0.0, 0.970458984375, -0.0205078125)|7.69110165859|61 % 
(-0.0029296875, 0.9775390625, -0.020263671875)|7.70111332478|61 % 
(-0.001220703125, 0.977294921875, -0.01904296875)|7.72065468127|61 % 
(-0.001708984375, 0.97314453125, -0.0205078125)|7.73018871726|61 % 
(-0.002685546875, 0.97412109375, -0.01953125)|7.7396982594|61 % 
(-0.003173828125, 0.972412109375, -0.020751953125)|7.74919792498|61 % 
(0.00048828125, 0.9736328125, -0.021484375)|7.75878687461|61 % 
(-0.00244140625, 0.974853515625, -0.01806640625)|7.76830194762|61 % 
(-0.003173828125, 0.970947265625, -0.02001953125)|7.7777692181|61 % 
(0.000244140625, 0.973388671875, -0.01953125)|7.78733683437|61 % 
(-0.003173828125, 0.97314453125, -0.02197265625)|7.79685190738|61 % 
(-0.00048828125, 0.973388671875, -0.0185546875)|7.80636144951|61 % 
(-0.00048828125, 0.974853515625, -0.022216796875)|7.81589627563|61 % 
(-0.00146484375, 0.973876953125, -0.022216796875)|7.834947755|61 % 
(-0.0029296875, 0.9765625, -0.018798828125)|7.85402530847|61 % 
(-0.0048828125, 0.975341796875, -0.02294921875)|7.86351667775|61 % 
(-0.000244140625, 0.969970703125, -0.021728515625)|7.87307165204|61 % 
(-0.001708984375, 0.97412109375, -0.01953125)|7.8831086022|61 % 
