<YEI3Space WL:12000857>




(-0.036865234375, -0.563720703125, 0.51611328125)
(0.039794921875, -0.648193359375, 0.69677734375)
(0.031005859375, -0.876220703125, 0.6572265625)
(0.02197265625, -0.77490234375, 0.687255859375)
(0.15283203125, -0.838134765625, 0.6611328125)
(0.162841796875, -0.775146484375, 0.663818359375)
(0.2568359375, -0.9609375, 0.75390625)
(0.342529296875, -1.040283203125, 0.73828125)
(0.091064453125, -0.886474609375, 0.56298828125)
(0.01025390625, -0.7158203125, 0.549560546875)
(0.05615234375, -0.697998046875, 0.607177734375)
(0.12451171875, -0.75830078125, 0.66748046875)
(0.091796875, -0.876220703125, 0.568115234375)
(-0.004638671875, -0.881103515625, 0.38623046875)
(0.275390625, -0.78662109375, 0.44482421875)
(0.2109375, -0.815673828125, 0.42578125)
(0.29443359375, -0.78271484375, 0.49853515625)
(0.19287109375, -0.594482421875, 0.41943359375)
(0.332275390625, -0.655517578125, 0.543701171875)
(0.219482421875, -0.778564453125, 0.47314453125)
(0.3095703125, -0.775146484375, 0.559814453125)
(0.279541015625, -0.81201171875, 0.55419921875)
(0.282958984375, -0.738525390625, 0.570068359375)
(0.41064453125, -0.71630859375, 0.50439453125)
(0.373779296875, -0.79248046875, 0.4755859375)
(0.440673828125, -0.81591796875, 0.47119140625)
(0.49755859375, -0.7373046875, 0.485595703125)
(0.43408203125, -0.648681640625, 0.548095703125)
(0.46484375, -0.585205078125, 0.512939453125)
(0.445556640625, -0.61474609375, 0.5205078125)
(0.379638671875, -0.667236328125, 0.505126953125)
(0.3857421875, -0.6640625, 0.52880859375)
(0.40625, -0.646240234375, 0.506103515625)
(0.4296875, -0.57421875, 0.51416015625)
(0.415283203125, -0.49560546875, 0.51220703125)
(0.436767578125, -0.545166015625, 0.636474609375)
(0.45458984375, -0.518310546875, 0.651123046875)
(0.681396484375, -0.40283203125, 0.73095703125)
(1.103515625, -0.24072265625, 0.663330078125)
(0.7060546875, -0.451171875, 0.614990234375)
(0.779052734375, -0.460693359375, 0.58837890625)
(0.758056640625, -0.277099609375, 0.585205078125)
(0.704833984375, -0.16796875, 0.62451171875)
(0.841064453125, -0.08349609375, 0.66015625)
(0.597412109375, -0.060791015625, 0.658203125)
(0.535400390625, 0.042236328125, 0.641357421875)
(0.61474609375, 0.119873046875, 0.7177734375)
(0.635498046875, 0.234130859375, 0.652099609375)
(0.6064453125, 0.163330078125, 0.58447265625)
(0.61669921875, 0.204833984375, 0.554443359375)
(0.591552734375, 0.22314453125, 0.519287109375)
(0.530517578125, 0.299072265625, 0.58740234375)
(0.578369140625, 0.259033203125, 0.641357421875)
(0.816162109375, 0.41552734375, 0.559326171875)
(0.705810546875, 0.365966796875, 0.54150390625)
(0.6484375, 0.301513671875, 0.61328125)
(0.70068359375, 0.37744140625, 0.652099609375)
(0.7119140625, 0.347900390625, 0.605712890625)
(0.562255859375, 0.3740234375, 0.482421875)
(0.688720703125, 0.3974609375, 0.5400390625)
(0.86767578125, 0.40087890625, 0.57275390625)
(0.7001953125, 0.3916015625, 0.627197265625)
(0.577392578125, 0.507080078125, 0.588623046875)
(0.583740234375, 0.627197265625, 0.641357421875)
(0.7763671875, 0.334716796875, 0.558349609375)
(0.579833984375, 0.725341796875, 0.583984375)
(0.58203125, 0.566162109375, 0.574462890625)
(0.59912109375, 0.62744140625, 0.534423828125)
(0.5810546875, 0.507568359375, 0.482421875)
(0.622314453125, 0.507568359375, 0.54052734375)
(0.544677734375, 0.626953125, 0.549072265625)
(0.468505859375, 0.697021484375, 0.541015625)
(0.521484375, 0.635986328125, 0.528564453125)
(0.319580078125, 0.568603515625, 0.608154296875)
(0.28759765625, 0.67822265625, 0.703125)
(0.35400390625, 0.585205078125, 0.74609375)
(0.218505859375, 0.615478515625, 0.69873046875)
(0.632568359375, 0.56640625, 0.531494140625)
(0.450927734375, 0.5966796875, 0.484375)
(0.6240234375, 0.48095703125, 0.358642578125)
(0.43212890625, 0.595703125, 0.562744140625)
(0.217041015625, 0.546142578125, 0.601318359375)
(0.3408203125, 0.492919921875, 0.464599609375)
(0.247314453125, 0.7421875, 0.436767578125)
(0.207275390625, 0.96826171875, 0.5361328125)
(0.2109375, 0.91064453125, 0.61572265625)
(0.335205078125, 0.723388671875, 0.492919921875)
(0.3564453125, 0.837890625, 0.585205078125)
(0.296630859375, 0.80517578125, 0.541259765625)
(0.34716796875, 0.781982421875, 0.4912109375)
(0.27197265625, 0.843994140625, 0.47412109375)
(0.28759765625, 0.849853515625, 0.491455078125)
(0.29931640625, 0.82470703125, 0.49072265625)
(0.30126953125, 0.83203125, 0.489501953125)
(0.29052734375, 0.74462890625, 0.561279296875)
(0.329833984375, 0.69677734375, 0.521728515625)
(0.256591796875, 0.735107421875, 0.506103515625)
(0.2646484375, 0.782958984375, 0.48486328125)
(0.33544921875, 0.75439453125, 0.4423828125)
(0.33154296875, 0.78515625, 0.513427734375)
(0.34375, 0.856689453125, 0.544921875)
(0.35888671875, 0.904296875, 0.605224609375)
(0.359619140625, 0.98291015625, 0.6494140625)
(0.34619140625, 1.0224609375, 0.61279296875)
(0.37255859375, 0.8505859375, 0.53125)
(0.38330078125, 0.716552734375, 0.50439453125)
(0.375732421875, 0.6259765625, 0.467529296875)
(0.34716796875, 0.52587890625, 0.544677734375)
(0.26904296875, 0.635498046875, 0.56494140625)
(0.239501953125, 0.72900390625, 0.5888671875)
(0.362548828125, 0.7861328125, 0.705322265625)
(0.58740234375, 0.649658203125, 0.714599609375)
(0.962158203125, 0.11474609375, 0.458984375)
(0.332275390625, 0.548828125, 0.5576171875)
(0.35400390625, 0.588623046875, 0.58349609375)
(0.400634765625, 0.62939453125, 0.60986328125)
(0.39453125, 0.670166015625, 0.625)
(0.3818359375, 0.658935546875, 0.61474609375)
(0.361083984375, 0.587890625, 0.607421875)
(0.298095703125, 0.672607421875, 0.61669921875)
(0.34521484375, 0.7001953125, 0.615966796875)
(0.32275390625, 0.603515625, 0.5986328125)
(0.302001953125, 0.616455078125, 0.66552734375)
(0.315673828125, 0.580078125, 0.649169921875)
(0.296875, 0.581298828125, 0.7060546875)
(0.284423828125, 0.43701171875, 0.617919921875)
(0.193359375, 0.631591796875, 0.619140625)
(0.208740234375, 0.70263671875, 0.666015625)
(0.249267578125, 0.713623046875, 0.646484375)
(0.22314453125, 0.684814453125, 0.669921875)
(0.19873046875, 0.62646484375, 0.7041015625)
(0.173828125, 0.63232421875, 0.701416015625)
(0.14404296875, 0.624755859375, 0.67138671875)
(0.088134765625, 0.702392578125, 0.66015625)
(0.08935546875, 0.687744140625, 0.650634765625)
(0.0546875, 0.712646484375, 0.6953125)
(0.0419921875, 0.7421875, 0.7138671875)
(0.035400390625, 0.748046875, 0.71728515625)
(0.046142578125, 0.874755859375, 0.767578125)
(0.05859375, 0.76953125, 0.706787109375)
(-0.04931640625, 0.662841796875, 0.76123046875)
(-0.022705078125, 0.65185546875, 0.79296875)
(-0.078857421875, 0.657470703125, 0.866943359375)
(0.012451171875, 0.61474609375, 0.82763671875)
(-0.03564453125, 0.582275390625, 0.753662109375)
(-0.17578125, 0.5234375, 0.773193359375)
(-0.0791015625, 0.550048828125, 0.84130859375)
(-0.076904296875, 0.48046875, 0.8115234375)
(-0.272216796875, 0.44970703125, 0.817626953125)
(-0.17236328125, 0.402099609375, 0.80615234375)
(-0.1591796875, 0.34765625, 0.85205078125)
(-0.12890625, 0.37744140625, 0.826171875)
(0.03955078125, 0.509033203125, 0.762939453125)
(0.155517578125, 0.663330078125, 0.74560546875)
(-0.310546875, 0.749755859375, 0.9208984375)
(-0.12060546875, 0.412841796875, 0.728515625)
(-0.182373046875, 0.385986328125, 0.751953125)
(-0.21484375, 0.48388671875, 0.79736328125)
(-0.282958984375, 0.48828125, 0.8876953125)
(-0.29541015625, 0.4794921875, 0.90673828125)
(-0.294921875, 0.488037109375, 0.922119140625)
(-0.3935546875, 0.75341796875, 0.8232421875)
(-0.3193359375, 0.73193359375, 0.85791015625)
(-0.2421875, 0.56640625, 0.84423828125)
(-0.16650390625, 0.404296875, 0.81396484375)
(-0.16357421875, 0.255126953125, 0.89697265625)
(-0.228271484375, 0.356689453125, 0.87890625)
(-0.18603515625, 0.27734375, 0.8955078125)
(-0.19970703125, 0.269775390625, 0.8994140625)
(-0.269775390625, 0.27685546875, 0.92041015625)
(-0.250244140625, 0.246337890625, 0.941650390625)
(-0.29345703125, 0.257080078125, 0.9130859375)
(-0.3271484375, 0.27880859375, 0.8662109375)
(-0.27685546875, 0.33740234375, 0.883056640625)
(-0.2568359375, 0.327880859375, 0.869873046875)
(-0.296875, 0.201416015625, 0.961669921875)
(-0.216796875, 0.11279296875, 1.016845703125)
(-0.246826171875, 0.13623046875, 1.002685546875)
(-0.330078125, 0.164306640625, 0.942138671875)
(-0.3212890625, 0.128662109375, 0.9248046875)
(-0.25927734375, 0.010986328125, 0.920166015625)
(-0.172607421875, -0.007568359375, 0.913330078125)
(-0.112060546875, -0.032470703125, 0.862548828125)
(-0.101318359375, 0.003173828125, 0.796142578125)
(-0.259765625, -0.03955078125, 0.761962890625)
(0.30810546875, -0.048095703125, 0.699951171875)
(-0.38134765625, -0.611083984375, 0.85205078125)
(-0.95849609375, 0.211181640625, 0.82666015625)
(-0.83544921875, -0.303955078125, 0.783447265625)
(-0.445068359375, -0.34228515625, 0.771728515625)
(-0.406982421875, -0.2890625, 0.75634765625)
(-0.435791015625, -0.22314453125, 0.8505859375)
(-0.462890625, -0.220947265625, 0.90283203125)
(-0.45751953125, -0.230224609375, 0.885498046875)
(-0.364501953125, -0.23193359375, 0.799072265625)
(-0.44921875, -0.26708984375, 0.712646484375)
(-0.4443359375, -0.2744140625, 0.730712890625)
(-0.44482421875, -0.3466796875, 0.812255859375)
(-0.422119140625, -0.449462890625, 0.811767578125)
(-0.427978515625, -0.428466796875, 0.82177734375)
(-0.31103515625, -0.417724609375, 0.84619140625)
(-0.25439453125, -0.593505859375, 0.691162109375)
(-0.237548828125, -0.66064453125, 0.73583984375)
(-0.244873046875, -0.53857421875, 0.726806640625)
(-0.27294921875, -0.72509765625, 0.7666015625)
(-0.350830078125, -0.675048828125, 0.832763671875)
(-0.302001953125, -0.627685546875, 0.800048828125)
(-0.349609375, -0.698486328125, 0.794189453125)
(-0.327880859375, -0.705322265625, 0.877685546875)
(-0.317626953125, -0.603515625, 0.700927734375)
(-0.0400390625, -0.59814453125, 0.64990234375)
(0.076171875, -0.5283203125, 0.59912109375)
(-0.17919921875, -0.5283203125, 0.700439453125)
(-0.432861328125, -0.516845703125, 0.691650390625)
(-0.26611328125, -0.641845703125, 0.712890625)
(-0.24462890625, -0.677734375, 0.681640625)
(-0.260986328125, -0.755126953125, 0.58203125)
(-0.32763671875, -0.7822265625, 0.701416015625)
(-0.385009765625, -0.65283203125, 0.77490234375)
(-0.308349609375, -0.47119140625, 0.73193359375)
(-0.28759765625, -0.501953125, 0.751953125)
(-0.239013671875, -0.544677734375, 0.75830078125)
(-0.18798828125, -0.59326171875, 0.7275390625)
(-0.393310546875, -0.428955078125, 0.7060546875)
(-0.361083984375, -0.397705078125, 0.65673828125)
(-0.299560546875, -0.479736328125, 0.62109375)
(-0.430908203125, -0.1611328125, 0.7900390625)
(-0.196533203125, -0.651611328125, 0.691162109375)
(-0.221435546875, -0.622802734375, 0.64892578125)
(-0.2294921875, -0.611083984375, 0.655517578125)
(-0.29638671875, -0.640869140625, 0.65966796875)
(-0.294189453125, -0.72265625, 0.73681640625)
(-0.42529296875, -0.669189453125, 0.697021484375)
(-0.2666015625, -0.62353515625, 0.73046875)
(-0.271728515625, -0.599609375, 0.748046875)
(-0.208984375, -0.744140625, 0.688720703125)
(-0.2314453125, -0.73046875, 0.641845703125)
(-0.24169921875, -0.71044921875, 0.6630859375)
(-0.307373046875, -0.82763671875, 0.580322265625)
(-0.345703125, -0.843994140625, 0.606201171875)
(-0.346435546875, -0.8515625, 0.6015625)
(-0.307861328125, -0.84423828125, 0.53564453125)
(-0.24462890625, -0.887939453125, 0.551025390625)
(-0.347900390625, -0.6611328125, 0.502197265625)
(-0.2265625, -0.81396484375, 0.599853515625)
(-0.17626953125, -0.829345703125, 0.546875)
(-0.14404296875, -0.82958984375, 0.551513671875)
(-0.12060546875, -0.758544921875, 0.5)
(-0.17919921875, -0.73828125, 0.48828125)
(-0.137451171875, -0.771240234375, 0.51318359375)
(-0.231201171875, -0.829833984375, 0.503662109375)
(-0.234619140625, -0.84375, 0.49951171875)
(-0.080078125, -0.856689453125, 0.49267578125)
(-0.08251953125, -0.807861328125, 0.48974609375)
(-0.072021484375, -0.818603515625, 0.472412109375)
(-0.063232421875, -0.854248046875, 0.464111328125)
(-0.134033203125, -0.828125, 0.50537109375)
(-0.014892578125, -0.783203125, 0.5517578125)
(-0.07861328125, -0.76318359375, 0.531982421875)
(-0.01318359375, -0.781494140625, 0.50927734375)
(0.07958984375, -0.7978515625, 0.465576171875)
(0.0166015625, -0.8740234375, 0.48388671875)
(0.08203125, -0.829833984375, 0.3701171875)
(0.048095703125, -0.86279296875, 0.345947265625)
(0.186767578125, -0.788818359375, 0.557373046875)
(0.340576171875, -0.489501953125, 0.519287109375)
(0.306640625, -0.832275390625, 0.5927734375)
(0.376708984375, -0.970703125, 0.621337890625)
(0.337646484375, -1.237060546875, 0.902587890625)
(0.40087890625, -0.814208984375, 0.666259765625)
(0.740234375, -0.75244140625, 0.448974609375)
(0.415771484375, -0.669677734375, 0.77734375)
(0.31396484375, -0.6171875, 0.7529296875)
(-0.0322265625, 0.267333984375, 0.319580078125)
(0.2861328125, 0.048828125, 0.650390625)
(0.31494140625, -0.20703125, 0.798828125)
(0.31982421875, -0.334716796875, 0.70263671875)
(0.430908203125, -0.550048828125, 0.701416015625)
(0.459716796875, -0.588623046875, 0.721435546875)
(0.41015625, -0.55029296875, 0.68017578125)
(0.431640625, -0.329833984375, 0.647216796875)
(0.425537109375, -0.3125, 0.66943359375)
(0.522216796875, -0.327392578125, 0.744140625)
(0.57421875, -0.486572265625, 0.60400390625)
(0.53662109375, -0.39697265625, 0.68994140625)
(0.6064453125, -0.49072265625, 0.682373046875)
(0.660888671875, -0.38330078125, 0.580322265625)
(0.70068359375, -0.37890625, 0.621826171875)
(0.705078125, -0.385986328125, 0.64697265625)
(0.801025390625, -0.68359375, 0.676513671875)
(0.78369140625, -0.577880859375, 0.60693359375)
(0.767578125, -0.50439453125, 0.48193359375)
(0.813720703125, -0.4970703125, 0.580322265625)
(0.8564453125, -0.539306640625, 0.623046875)
(0.754150390625, -0.454345703125, 0.617431640625)
(0.68798828125, -0.47998046875, 0.512451171875)
(0.514892578125, 0.574951171875, 0.174560546875)
(0.616455078125, -0.024658203125, 0.182373046875)
(0.464111328125, -0.32568359375, 0.366943359375)
(0.864013671875, -0.332763671875, 0.3212890625)
(0.755126953125, -0.259765625, 0.319580078125)
(0.244873046875, -0.326904296875, 0.863525390625)
(0.36376953125, -0.322509765625, 0.80517578125)
(0.797607421875, -0.51611328125, 0.77783203125)
(0.767333984375, -0.60546875, 0.83447265625)
(0.87353515625, -0.657958984375, 0.85107421875)
(0.929931640625, -0.638671875, 0.80029296875)
(0.466796875, -0.453369140625, 0.7451171875)
(0.602783203125, -0.3720703125, 0.701171875)
(0.60693359375, -0.38134765625, 0.677001953125)
(0.485595703125, -0.30908203125, 0.666748046875)
(0.410888671875, -0.265869140625, 0.57568359375)
(0.509033203125, -0.427001953125, 0.60986328125)
(0.5830078125, -0.418701171875, 0.722900390625)
(0.55419921875, -0.413818359375, 0.65869140625)
(0.608154296875, -0.318359375, 0.66162109375)
(0.66943359375, -0.29736328125, 0.5712890625)
(0.7099609375, -0.102783203125, 0.545654296875)
(0.68603515625, -0.164306640625, 0.613525390625)
(0.636962890625, -0.177490234375, 0.680908203125)
(0.579345703125, -0.197021484375, 0.7158203125)
(0.599365234375, -0.11767578125, 0.689697265625)
(0.73193359375, -0.12109375, 0.653076171875)
(0.77685546875, -0.052734375, 0.576416015625)
(0.718994140625, 0.013427734375, 0.57763671875)
(0.687744140625, 0.04638671875, 0.61376953125)
(0.736328125, 0.084228515625, 0.605224609375)
(0.75732421875, -0.049560546875, 0.648681640625)
(0.709228515625, 0.093994140625, 0.632568359375)
(0.787109375, 0.173828125, 0.72216796875)
(0.669677734375, 0.13818359375, 0.665283203125)
(0.733154296875, 0.2705078125, 0.5830078125)
(0.601806640625, 0.2880859375, 0.621826171875)
(0.645263671875, 0.05615234375, 0.657958984375)
(0.667724609375, 0.261474609375, 0.7060546875)
(0.561767578125, 0.104736328125, 0.712158203125)
(0.72314453125, 0.447509765625, 0.757080078125)
(0.75830078125, 0.44482421875, 0.720703125)
(0.797607421875, 0.50439453125, 0.710693359375)
(0.729736328125, 0.61328125, 0.79541015625)
(0.701904296875, 0.52392578125, 0.81640625)
(0.762451171875, 0.46923828125, 0.725341796875)
(0.59375, 0.3828125, 0.64990234375)
(0.47265625, 0.41015625, 0.604736328125)
(0.381103515625, 0.35693359375, 0.5849609375)
(0.204833984375, 0.347412109375, 0.63134765625)
(0.247802734375, 0.368408203125, 0.733642578125)
(0.419677734375, 0.48828125, 0.716796875)
(0.510498046875, 0.408203125, 0.665283203125)
(0.578857421875, 0.5546875, 0.58740234375)
(0.499755859375, 0.629638671875, 0.64794921875)
(0.366943359375, 0.505615234375, 0.71826171875)
(0.225341796875, 0.520263671875, 0.61181640625)
(0.125244140625, 0.53466796875, 0.650390625)
(0.187255859375, 0.449462890625, 0.686767578125)
(0.25537109375, 0.52001953125, 0.604736328125)
(0.410888671875, 0.634521484375, 0.521484375)
(0.36767578125, 0.89599609375, 0.454345703125)
(0.29736328125, 0.94287109375, 0.449951171875)
(0.037353515625, 0.7578125, 0.713134765625)
(-0.000244140625, 0.716796875, 0.765869140625)
(-0.039794921875, 0.770751953125, 0.839599609375)
(-0.09375, 0.460693359375, 0.847900390625)
(-0.041015625, 0.706787109375, 0.808837890625)
(0.03125, 0.759765625, 0.864990234375)
(0.112060546875, 0.766357421875, 0.71875)
(-0.005615234375, 0.740966796875, 0.62646484375)
(0.29541015625, 0.8544921875, 0.70703125)
(0.51806640625, 0.986328125, 0.6865234375)
(0.450439453125, 1.069580078125, 0.59521484375)
(0.277587890625, 0.8681640625, 0.46875)
(0.460205078125, 0.8408203125, 0.250732421875)
(0.333251953125, 0.78564453125, 0.369873046875)
(0.43701171875, 0.694091796875, 0.2880859375)
(0.28369140625, 0.816162109375, 0.24169921875)
(0.365234375, 0.8310546875, 0.20361328125)
(0.373046875, 0.77978515625, 0.25244140625)
(0.2373046875, 0.96728515625, 0.210205078125)
(0.1884765625, 0.9482421875, 0.197998046875)
(-0.056396484375, 1.051513671875, 0.320068359375)
(-0.069091796875, 1.04150390625, 0.32958984375)
(0.0458984375, 0.940185546875, 0.285888671875)
(-0.05029296875, 0.90673828125, 0.25390625)
(-0.0634765625, 0.8525390625, 0.236083984375)
(-0.130126953125, 0.8486328125, 0.2353515625)
(-0.067138671875, 0.884033203125, 0.257568359375)
(-0.07470703125, 0.955810546875, 0.317626953125)
(-0.1669921875, 0.93701171875, 0.361328125)
(-0.20068359375, 0.95849609375, 0.34716796875)
(-0.14990234375, 1.002197265625, 0.28564453125)
(-0.212646484375, 0.98193359375, 0.263916015625)
(-0.274169921875, 0.939697265625, 0.275390625)
(-0.334228515625, 0.989990234375, 0.330322265625)
(-0.30712890625, 0.948486328125, 0.2998046875)
(-0.383056640625, 0.9169921875, 0.32470703125)
(-0.330078125, 0.914794921875, 0.369140625)
(-0.32421875, 0.84716796875, 0.35888671875)
(-0.222412109375, 0.67138671875, 0.19091796875)
(-0.473876953125, 0.886474609375, 0.2509765625)
(-0.333251953125, 0.84033203125, 0.24609375)
(-0.28955078125, 0.85693359375, 0.26123046875)
(-0.190185546875, 0.961181640625, 0.17578125)
(-0.31884765625, 0.687744140625, 0.161865234375)
(0.088623046875, 0.52001953125, 0.00439453125)
(0.116455078125, 0.666748046875, 0.043212890625)
(-1.81640625, 0.224609375, 0.599609375)
(-0.598388671875, 0.39013671875, 0.054443359375)
(-0.833251953125, 0.189453125, 0.34619140625)
(-0.992431640625, 0.178955078125, 0.36669921875)
(-0.89501953125, 0.187744140625, 0.340087890625)
(-0.871337890625, -0.144287109375, 0.284423828125)
(-0.791015625, -0.09912109375, 0.2412109375)
(-0.859375, -0.246337890625, 0.280517578125)
(-0.968017578125, -0.453125, 0.32666015625)
(-1.0859375, -0.49072265625, 0.35546875)
(-1.10498046875, -0.529296875, 0.378662109375)
(-1.06201171875, -0.4736328125, 0.42236328125)
(-0.956787109375, -0.6162109375, 0.39404296875)
