

301992023 17Mar2015N37 TSS-WL                  v2.0.0  

        Raw Accelerometer Data              Time            Battery
(-0.001708984375, 0.9755859375, -0.02685546875)  time: 2.88653655688     31 % 
(0.0, 0.974609375, -0.027099609375)  time: 2.8960243706     31 % 
(-0.001953125, 0.974609375, -0.024658203125)  time: 2.90554023373     31 % 
(-0.005859375, 0.97412109375, -0.026123046875)  time: 2.91506834378     31 % 
(-0.0029296875, 0.973876953125, -0.026611328125)  time: 2.92460593534     31 % 
(0.000244140625, 0.97265625, -0.02685546875)  time: 2.93419804547     31 % 
(-0.0029296875, 0.971923828125, -0.029541015625)  time: 2.94362383442     31 % 
(-0.00390625, 0.97412109375, -0.024658203125)  time: 2.95321633961     31 % 
(-0.002197265625, 0.9765625, -0.027587890625)  time: 2.96322840086     31 % 
(-0.000732421875, 0.96875, -0.028076171875)  time: 2.97326219053     31 % 
(-0.0029296875, 0.9716796875, -0.027099609375)  time: 2.98367998066     31 % 
(-0.00341796875, 0.9716796875, -0.026123046875)  time: 2.99278576923     31 % 
(-0.003662109375, 0.975830078125, -0.0244140625)  time: 3.00125708791     31 % 
(-0.001220703125, 0.974609375, -0.025390625)  time: 3.01788328045     31 % 
(-0.00048828125, 0.97216796875, -0.0263671875)  time: 3.02778314404     31 % 
(-0.000732421875, 0.97509765625, -0.02490234375)  time: 3.03741199496     31 % 
(-0.002685546875, 0.974609375, -0.026123046875)  time: 3.04682830241     31 % 
(-0.00341796875, 0.97216796875, -0.025390625)  time: 3.05637340015     31 % 
(-0.001708984375, 0.970458984375, -0.024658203125)  time: 3.06634793049     31 % 
(-0.002685546875, 0.97216796875, -0.0263671875)  time: 3.07588710229     31 % 
(-0.001220703125, 0.971923828125, -0.026123046875)  time: 3.085457484     31 % 
(-0.002685546875, 0.97314453125, -0.028564453125)  time: 3.0949611002     31 % 
(0.0, 0.97216796875, -0.02685546875)  time: 3.10446985221     31 % 
(-0.002197265625, 0.9736328125, -0.0263671875)  time: 3.11416191308     31 % 
(-0.000244140625, 0.97509765625, -0.026611328125)  time: 3.12399303584     31 % 
(-0.004150390625, 0.9716796875, -0.025390625)  time: 3.133636109     31 % 
(-0.0009765625, 0.970947265625, -0.02685546875)  time: 3.14357429362     31 % 
(-0.001220703125, 0.97509765625, -0.0263671875)  time: 3.15369815747     31 % 
(-0.0029296875, 0.97412109375, -0.02734375)  time: 3.16311446493     31 % 
(-0.002685546875, 0.97119140625, -0.025390625)  time: 3.17265877253     31 % 
(-0.00341796875, 0.9736328125, -0.023193359375)  time: 3.18269453751     31 % 
(-0.00439453125, 0.977294921875, -0.026611328125)  time: 3.1922024994     31 % 
(-0.002197265625, 0.974609375, -0.02587890625)  time: 3.20176616506     31 % 
(-0.000244140625, 0.974853515625, -0.02734375)  time: 3.21161348537     31 % 
(-0.00439453125, 0.97607421875, -0.0263671875)  time: 3.22134347221     31 % 
(-0.002197265625, 0.9736328125, -0.0263671875)  time: 3.23135395321     31 % 
(0.00244140625, 0.97509765625, -0.024169921875)  time: 3.2413269033     31 % 
(-0.00146484375, 0.9755859375, -0.0244140625)  time: 3.25092691468     31 % 
(-0.004150390625, 0.971435546875, -0.026123046875)  time: 3.26039497528     31 % 
(-0.002197265625, 0.97412109375, -0.023681640625)  time: 3.27002501139     31 % 
(-0.002197265625, 0.9755859375, -0.0244140625)  time: 3.27951322016     31 % 
(-0.00048828125, 0.973876953125, -0.02587890625)  time: 3.28895599679     31 % 
(-0.000732421875, 0.9755859375, -0.026611328125)  time: 3.2984825266     31 % 
(0.0, 0.97314453125, -0.022705078125)  time: 3.30803750088     31 % 
(-0.002197265625, 0.974853515625, -0.025146484375)  time: 3.31756166032     31 % 
(-0.002197265625, 0.970947265625, -0.0244140625)  time: 3.3270759432     31 % 
(0.0009765625, 0.976318359375, -0.026123046875)  time: 3.33663447305     31 % 
(0.0, 0.970947265625, -0.02783203125)  time: 3.34664771948     31 % 
(-0.001953125, 0.9736328125, -0.02587890625)  time: 3.35617266904     31 % 
(-0.0009765625, 0.972412109375, -0.025634765625)  time: 3.3657153964     31 % 
(-0.00390625, 0.9736328125, -0.02392578125)  time: 3.37522572866     31 % 
(-0.000732421875, 0.97509765625, -0.02587890625)  time: 3.38564667928     31 % 
(-0.001220703125, 0.970458984375, -0.0263671875)  time: 3.3947362703     31 % 
(-0.00048828125, 0.97021484375, -0.025146484375)  time: 3.40428413347     31 % 
(0.0, 0.973876953125, -0.025390625)  time: 3.41428355273     31 % 
(-0.001708984375, 0.974365234375, -0.0263671875)  time: 3.42382786034     31 % 
(0.001220703125, 0.97412109375, -0.027099609375)  time: 3.43387587225     31 % 
(0.0, 0.97412109375, -0.025634765625)  time: 3.44365879742     31 % 
(-0.004638671875, 0.970947265625, -0.025634765625)  time: 3.45290759851     31 % 
(-0.00439453125, 0.972900390625, -0.027099609375)  time: 3.46289437578     31 % 
(-0.00146484375, 0.972900390625, -0.027099609375)  time: 3.47248253529     31 % 
(-0.001708984375, 0.97509765625, -0.0244140625)  time: 3.48247642368     31 % 
(0.001953125, 0.978759765625, -0.026123046875)  time: 3.49205312638     31 % 
(-0.001708984375, 0.97412109375, -0.0244140625)  time: 3.50215802725     31 % 
(-0.0029296875, 0.97216796875, -0.025390625)  time: 3.51159250757     31 % 
(0.0009765625, 0.96923828125, -0.02587890625)  time: 3.5211312843     31 % 
(-0.00537109375, 0.974609375, -0.025634765625)  time: 3.53065504868     31 % 
(-0.000732421875, 0.97119140625, -0.025634765625)  time: 3.54015471426     31 % 
(-0.002685546875, 0.97412109375, -0.025634765625)  time: 3.54968717     31 % 
(-0.00048828125, 0.9716796875, -0.024169921875)  time: 3.5592472801     31 % 
(-0.000244140625, 0.97509765625, -0.025390625)  time: 3.56876077285     31 % 
(-0.0029296875, 0.970703125, -0.027099609375)  time: 3.57830350021     31 % 
(-0.002197265625, 0.9755859375, -0.025146484375)  time: 3.58827249968     31 % 
(-0.00146484375, 0.97216796875, -0.029052734375)  time: 3.59778599244     31 % 
(-0.00048828125, 0.974853515625, -0.024658203125)  time: 3.60732002843     31 % 
(0.00048828125, 0.970458984375, -0.025634765625)  time: 3.61687855828     31 % 
(-0.002197265625, 0.97607421875, -0.026123046875)  time: 3.62639560659     31 % 
(-0.002197265625, 0.97314453125, -0.02587890625)  time: 3.6363902851     31 % 
(-0.00146484375, 0.97509765625, -0.026611328125)  time: 3.64591641985     31 % 
(-0.0029296875, 0.97314453125, -0.025634765625)  time: 3.65547969045     31 % 
(-0.001220703125, 0.976318359375, -0.029296875)  time: 3.66547594921     31 % 
(-0.001953125, 0.971923828125, -0.026123046875)  time: 3.67503447905     31 % 
(-0.002685546875, 0.97314453125, -0.025390625)  time: 3.68496278712     31 % 
(-0.00048828125, 0.97412109375, -0.025634765625)  time: 3.69447588481     31 % 
(0.000244140625, 0.971923828125, -0.026123046875)  time: 3.70402137761     31 % 
(-0.003662109375, 0.97412109375, -0.02734375)  time: 3.71355067285     31 % 
(-0.0009765625, 0.97216796875, -0.026123046875)  time: 3.7230673261     31 % 
(-0.003173828125, 0.97607421875, -0.025146484375)  time: 3.73262980657     31 % 
(-0.001953125, 0.97314453125, -0.02587890625)  time: 3.74214724995     31 % 
(-0.002685546875, 0.970703125, -0.02490234375)  time: 3.75219249643     31 % 
(-0.001220703125, 0.972900390625, -0.0244140625)  time: 3.76220653299     31 % 
(-0.003662109375, 0.97607421875, -0.025634765625)  time: 3.7722272856     31 % 
(-0.001220703125, 0.9736328125, -0.02490234375)  time: 3.78222512461     31 % 
(-0.000732421875, 0.975830078125, -0.02880859375)  time: 3.79188004964     31 % 
(-0.002197265625, 0.9755859375, -0.02734375)  time: 3.81131750477     31 % 
(0.0, 0.97412109375, -0.02783203125)  time: 3.82085983707     31 % 
(0.000244140625, 0.974609375, -0.02490234375)  time: 3.8308616267     31 % 
(-0.006103515625, 0.974609375, -0.025634765625)  time: 3.8403474651     31 % 
(-0.00048828125, 0.9775390625, -0.026123046875)  time: 3.8499755259     31 % 
(0.0009765625, 0.97265625, -0.027587890625)  time: 3.85987736479     31 % 
(-0.000732421875, 0.97021484375, -0.025146484375)  time: 3.86944735144     31 % 
(-0.0048828125, 0.97509765625, -0.02734375)  time: 3.88856638645     31 % 
(-0.0048828125, 0.976806640625, -0.025390625)  time: 3.89849311426     31 % 
(-0.003662109375, 0.97412109375, -0.02490234375)  time: 3.90819781712     31 % 
(-0.005615234375, 0.97314453125, -0.025146484375)  time: 3.91813718693     31 % 
(-0.001708984375, 0.97265625, -0.0234375)  time: 3.92808682835     31 % 
(-0.003173828125, 0.976318359375, -0.026123046875)  time: 3.93761612359     31 % 
(-0.002197265625, 0.97216796875, -0.0244140625)  time: 3.94713949291     31 % 
(0.00048828125, 0.97119140625, -0.026123046875)  time: 3.95667155359     31 % 
(0.00048828125, 0.975830078125, -0.025634765625)  time: 3.96622613281     31 % 
(-0.001220703125, 0.97412109375, -0.027099609375)  time: 3.97568747736     31 % 
(0.0, 0.9736328125, -0.02685546875)  time: 3.98546961241     31 % 
(-0.00537109375, 0.96826171875, -0.025146484375)  time: 3.99495505575     31 % 
(-0.000732421875, 0.97607421875, -0.0263671875)  time: 4.00457323999     31 % 
(-0.002685546875, 0.9736328125, -0.025390625)  time: 4.01408357225     31 % 
(-0.0048828125, 0.969970703125, -0.02490234375)  time: 4.02430185596     31 % 
(-0.003173828125, 0.97216796875, -0.0263671875)  time: 4.03413100341     31 % 
(-0.003173828125, 0.9736328125, -0.025634765625)  time: 4.04415689184     31 % 
(-0.004638671875, 0.9736328125, -0.024169921875)  time: 4.05366169323     31 % 
(-0.003173828125, 0.97314453125, -0.02685546875)  time: 4.06314318595     31 % 
(-0.003662109375, 0.972412109375, -0.024169921875)  time: 4.07265509846     31 % 
(-0.0009765625, 0.973388671875, -0.02392578125)  time: 4.08232740622     31 % 
(-0.000732421875, 0.97509765625, -0.02587890625)  time: 4.09222213399     31 % 
(-0.003173828125, 0.9697265625, -0.025146484375)  time: 4.10179014533     31 % 
(-0.00341796875, 0.977294921875, -0.025390625)  time: 4.11181129301     31 % 
(0.00048828125, 0.970947265625, -0.024169921875)  time: 4.12137100804     31 % 
(-0.00537109375, 0.97265625, -0.027099609375)  time: 4.14111384626     31 % 
(0.0, 0.97705078125, -0.025146484375)  time: 4.15043296841     31 % 
(-0.001953125, 0.97509765625, -0.02685546875)  time: 4.15997767108     31 % 
(-0.002197265625, 0.974609375, -0.02392578125)  time: 4.16950183052     31 % 
(0.00146484375, 0.97216796875, -0.02734375)  time: 4.17897976768     31 % 
(0.0, 0.97265625, -0.025390625)  time: 4.18852368023     31 % 
(-0.00048828125, 0.97509765625, -0.0283203125)  time: 4.1980683829     31 % 
(-0.002197265625, 0.97314453125, -0.02685546875)  time: 4.21708509679     31 % 
(-0.001220703125, 0.971923828125, -0.026123046875)  time: 4.22661083648     31 % 
(-0.00048828125, 0.976806640625, -0.02587890625)  time: 4.23622467503     31 % 
(-0.001708984375, 0.97412109375, -0.026611328125)  time: 4.24620157575     31 % 
(-0.003662109375, 0.97265625, -0.02880859375)  time: 4.25647595829     31 % 
(-0.002197265625, 0.974609375, -0.02880859375)  time: 4.26622174762     31 % 
(-0.001220703125, 0.979248046875, -0.02880859375)  time: 4.27574669718     31 % 
(0.000244140625, 0.97705078125, -0.025634765625)  time: 4.28531628877     31 % 
(-0.0048828125, 0.97314453125, -0.025390625)  time: 4.2948436087     31 % 
(-0.000732421875, 0.9716796875, -0.024169921875)  time: 4.30433418785     31 % 
(-0.001708984375, 0.970947265625, -0.023681640625)  time: 4.31401716229     31 % 
(-0.002685546875, 0.97607421875, -0.0244140625)  time: 4.32334655607     31 % 
(-0.00146484375, 0.97607421875, -0.02490234375)  time: 4.33294103657     31 % 
(-0.00048828125, 0.970703125, -0.026123046875)  time: 4.35197592333     31 % 
(-0.001708984375, 0.97265625, -0.026611328125)  time: 4.36200220682     31 % 
(-0.003662109375, 0.9736328125, -0.025146484375)  time: 4.37156508235     31 % 
(-0.00341796875, 0.97314453125, -0.0263671875)  time: 4.38102247627     31 % 
(-0.00048828125, 0.9736328125, -0.02880859375)  time: 4.39077972241     31 % 
(-0.000244140625, 0.975830078125, -0.023681640625)  time: 4.40032482014     31 % 
(-0.000732421875, 0.977294921875, -0.024169921875)  time: 4.40982527584     31 % 
(-0.002685546875, 0.9716796875, -0.02587890625)  time: 4.41928108952     31 % 
(-0.00439453125, 0.9736328125, -0.022216796875)  time: 4.42890361944     31 % 
(0.0009765625, 0.97412109375, -0.026611328125)  time: 4.43842106282     31 % 
(-0.002685546875, 0.971923828125, -0.024169921875)  time: 4.44791796296     31 % 
(-0.000244140625, 0.9736328125, -0.025634765625)  time: 4.45740538162     31 % 
(0.0, 0.970947265625, -0.024658203125)  time: 4.47656945371     31 % 
(0.00048828125, 0.9736328125, -0.02734375)  time: 4.48615247742     31 % 
(-0.00390625, 0.975341796875, -0.0283203125)  time: 4.49555969844     31 % 
(-0.002685546875, 0.9736328125, -0.02587890625)  time: 4.50507082082     31 % 
(-0.001220703125, 0.97705078125, -0.027099609375)  time: 4.51461749881     31 % 
(-0.00048828125, 0.97509765625, -0.025634765625)  time: 4.52414600393     31 % 
(-0.002197265625, 0.97705078125, -0.0263671875)  time: 4.53365159544     31 % 
(-0.00048828125, 0.971923828125, -0.027587890625)  time: 4.54330573034     31 % 
(-0.0009765625, 0.97021484375, -0.025146484375)  time: 4.55311512468     31 % 
(-0.00244140625, 0.97412109375, -0.025634765625)  time: 4.5626614076     31 % 
(-0.003173828125, 0.970947265625, -0.0234375)  time: 4.57219070284     31 % 
(-0.000732421875, 0.971923828125, -0.0263671875)  time: 4.58168444249     31 % 
(-0.00048828125, 0.9736328125, -0.0283203125)  time: 4.59147210841     31 % 
(-0.00439453125, 0.97412109375, -0.026611328125)  time: 4.60146402149     31 % 
(-0.0029296875, 0.976318359375, -0.0263671875)  time: 4.61095855126     31 % 
(-0.001708984375, 0.974609375, -0.02685546875)  time: 4.62048626626     31 % 
(-0.001953125, 0.974609375, -0.028076171875)  time: 4.62999343802     31 % 
(-0.0009765625, 0.97119140625, -0.02734375)  time: 4.63948954804     31 % 
(-0.002685546875, 0.974609375, -0.02783203125)  time: 4.64907691742     31 % 
(-0.00439453125, 0.97412109375, -0.024169921875)  time: 4.65862162009     31 % 
(-0.00439453125, 0.97119140625, -0.02587890625)  time: 4.66844168112     31 % 
(-0.00244140625, 0.9716796875, -0.025146484375)  time: 4.67795398869     31 % 
(-0.001220703125, 0.97216796875, -0.0263671875)  time: 4.68805928461     31 % 
(-0.001953125, 0.971923828125, -0.027099609375)  time: 4.69755302426     31 % 
(-0.00390625, 0.978271484375, -0.026123046875)  time: 4.70704518366     31 % 
(-0.00439453125, 0.97314453125, -0.026123046875)  time: 4.71665349134     31 % 
(-0.003173828125, 0.9755859375, -0.026611328125)  time: 4.736138749     31 % 
(-0.002197265625, 0.9716796875, -0.02685546875)  time: 4.745660143     31 % 
(0.00048828125, 0.97509765625, -0.02783203125)  time: 4.7651805612     31 % 
(-0.000732421875, 0.97607421875, -0.027099609375)  time: 4.77476279478     31 % 
(0.0009765625, 0.9765625, -0.028076171875)  time: 4.78468201641     31 % 
(-0.004150390625, 0.97607421875, -0.026611328125)  time: 4.79423106477     31 % 
(-0.0009765625, 0.97802734375, -0.0263671875)  time: 4.80371927354     31 % 
(-0.000732421875, 0.9716796875, -0.024658203125)  time: 4.81325449472     31 % 
(-0.001708984375, 0.971435546875, -0.025146484375)  time: 4.82332739555     31 % 
(-0.0029296875, 0.978515625, -0.02490234375)  time: 4.83294281435     31 % 
(-0.00390625, 0.97509765625, -0.028564453125)  time: 4.84274746795     31 % 
(-0.003173828125, 0.9765625, -0.026123046875)  time: 4.85233918302     31 % 
(-0.000244140625, 0.97216796875, -0.0263671875)  time: 4.86180921893     31 % 
(-0.00390625, 0.974609375, -0.024658203125)  time: 4.87136616853     31 % 
(-0.00048828125, 0.971435546875, -0.024169921875)  time: 4.8808816366     31 % 
(-0.00439453125, 0.97021484375, -0.025146484375)  time: 4.89045241338     31 % 
(-0.00146484375, 0.970947265625, -0.028076171875)  time: 4.89992244929     31 % 
(-0.00048828125, 0.973388671875, -0.025146484375)  time: 4.90990369569     31 % 
(-0.00146484375, 0.97705078125, -0.027099609375)  time: 4.91950291694     31 % 
(-0.005126953125, 0.9775390625, -0.02880859375)  time: 4.92898243435     31 % 
(-0.00244140625, 0.972412109375, -0.026611328125)  time: 4.93904743393     31 % 
(-0.001708984375, 0.9755859375, -0.02587890625)  time: 4.94861860577     31 % 
(-0.00244140625, 0.97607421875, -0.0263671875)  time: 4.95812656766     31 % 
(-0.002685546875, 0.97314453125, -0.026123046875)  time: 4.968101098     31 % 
(-0.0048828125, 0.977294921875, -0.02734375)  time: 4.97816530746     31 % 
(-0.00048828125, 0.9716796875, -0.027099609375)  time: 4.98810981307     31 % 
(0.0009765625, 0.97802734375, -0.025634765625)  time: 4.99766083673     31 % 
(-0.001220703125, 0.97509765625, -0.022216796875)  time: 5.00726914442     31 % 
(-0.00244140625, 0.972900390625, -0.025634765625)  time: 5.01672772353     31 % 
(-0.001708984375, 0.97314453125, -0.02734375)  time: 5.02629494474     31 % 
(-0.00244140625, 0.9765625, -0.02783203125)  time: 5.03580883256     31 % 
(-0.002197265625, 0.9716796875, -0.0224609375)  time: 5.04533180681     31 % 
(-0.001220703125, 0.9736328125, -0.025390625)  time: 5.0548283119     31 % 
(-0.00146484375, 0.9755859375, -0.02783203125)  time: 5.06438684174     31 % 
(-0.001708984375, 0.970703125, -0.0302734375)  time: 5.07410260634     31 % 
(-0.00048828125, 0.974609375, -0.025390625)  time: 5.0836307164     31 % 
(0.000732421875, 0.979248046875, -0.028076171875)  time: 5.0931667277     31 % 
(-0.00439453125, 0.973876953125, -0.024658203125)  time: 5.10267626984     31 % 
(-0.0029296875, 0.974609375, -0.023681640625)  time: 5.11214393538     31 % 
(0.001220703125, 0.97314453125, -0.026611328125)  time: 5.12209713236     31 % 
(-0.00390625, 0.974853515625, -0.02685546875)  time: 5.1312408469     31 % 
(-0.00146484375, 0.97607421875, -0.026123046875)  time: 5.14078673476     31 % 
(-0.00341796875, 0.974365234375, -0.02392578125)  time: 5.15073795643     31 % 
(0.00146484375, 0.97314453125, -0.02587890625)  time: 5.17018805356     31 % 
(-0.00341796875, 0.977294921875, -0.022705078125)  time: 5.18017325058     31 % 
(-0.00146484375, 0.972412109375, -0.02783203125)  time: 5.18967805196     31 % 
(0.001708984375, 0.9755859375, -0.027099609375)  time: 5.19917732248     31 % 
(-0.00048828125, 0.97412109375, -0.02685546875)  time: 5.20869832142     31 % 
(-0.001708984375, 0.9697265625, -0.0263671875)  time: 5.21828569081     31 % 
(-0.00048828125, 0.97802734375, -0.02734375)  time: 5.22775098598     31 % 
(-0.001953125, 0.974609375, -0.028076171875)  time: 5.23741815793     31 % 
(-0.00341796875, 0.9765625, -0.027099609375)  time: 5.24682932958     31 % 
(-0.001953125, 0.97509765625, -0.025634765625)  time: 5.25638114337     31 % 
(-0.002685546875, 0.972412109375, -0.02880859375)  time: 5.26590490774     31 % 
(-0.00048828125, 0.9736328125, -0.02734375)  time: 5.27540654863     31 % 
(-0.001708984375, 0.9755859375, -0.0283203125)  time: 5.28489949815     31 % 
(-0.001708984375, 0.97314453125, -0.0263671875)  time: 5.29450148484     31 % 
(-0.00439453125, 0.97314453125, -0.02783203125)  time: 5.30397507632     31 % 
(-0.00390625, 0.974609375, -0.0263671875)  time: 5.31349449501     31 % 
(-0.002197265625, 0.970703125, -0.02392578125)  time: 5.32299771615     31 % 
(-0.00048828125, 0.97265625, -0.027587890625)  time: 5.33252029533     31 % 
(-0.001953125, 0.9736328125, -0.0283203125)  time: 5.34209581285     31 % 
(-0.003173828125, 0.97119140625, -0.028076171875)  time: 5.35236940528     31 % 
(-0.00244140625, 0.97607421875, -0.02734375)  time: 5.36158146558     31 % 
(-0.001708984375, 0.97314453125, -0.025634765625)  time: 5.37116251397     31 % 
(0.00146484375, 0.971435546875, -0.024658203125)  time: 5.39026811686     31 % 
(-0.00048828125, 0.972900390625, -0.026611328125)  time: 5.40028215342     31 % 
(0.00390625, 0.97802734375, -0.02685546875)  time: 5.41042735063     31 % 
(-0.0009765625, 0.9716796875, -0.024658203125)  time: 5.41999062122     31 % 
(0.000732421875, 0.9697265625, -0.02880859375)  time: 5.42945868183     31 % 
(-0.001220703125, 0.970458984375, -0.025390625)  time: 5.4390211623     31 % 
(-0.001708984375, 0.97607421875, -0.02392578125)  time: 5.44854729704     31 % 
(0.0, 0.972900390625, -0.025634765625)  time: 5.45807027129     31 % 
(0.001953125, 0.9736328125, -0.0244140625)  time: 5.46762682583     31 % 
(-0.003662109375, 0.976806640625, -0.0263671875)  time: 5.47711661485     31 % 
(-0.0009765625, 0.974609375, -0.024658203125)  time: 5.48671346573     31 % 
(-0.0009765625, 0.978271484375, -0.028076171875)  time: 5.4962854277     31 % 
(0.000244140625, 0.97412109375, -0.0283203125)  time: 5.50567921661     31 % 
(-0.000244140625, 0.97119140625, -0.021728515625)  time: 5.51520732667     31 % 
(-0.002197265625, 0.97021484375, -0.02734375)  time: 5.52480931335     31 % 
(-0.001220703125, 0.970947265625, -0.026611328125)  time: 5.53430226288     31 % 
(-0.00048828125, 0.97119140625, -0.02783203125)  time: 5.54381575563     31 % 
(0.00048828125, 0.9736328125, -0.02685546875)  time: 5.55340549539     31 % 
(-0.00244140625, 0.973388671875, -0.0283203125)  time: 5.56288896342     31 % 
(-0.001708984375, 0.97607421875, -0.0244140625)  time: 5.57250398717     31 % 
(-0.000244140625, 0.97607421875, -0.02490234375)  time: 5.58202143054     31 % 
(-0.001953125, 0.971435546875, -0.02783203125)  time: 5.59146420717     31 % 
(-0.001220703125, 0.969970703125, -0.025146484375)  time: 5.60101049009     31 % 
(-0.00390625, 0.972900390625, -0.026611328125)  time: 5.61055084707     31 % 
(0.0, 0.97216796875, -0.0283203125)  time: 5.62007777194     31 % 
(0.0, 0.971923828125, -0.02587890625)  time: 5.63004874672     31 % 
(-0.001708984375, 0.97314453125, -0.02685546875)  time: 5.63964006673     31 % 
(-0.002197265625, 0.9765625, -0.025634765625)  time: 5.64913973231     31 % 
(-0.00048828125, 0.97412109375, -0.02734375)  time: 5.65861450898     31 % 
(-0.00146484375, 0.9794921875, -0.0224609375)  time: 5.66817975488     31 % 
(-0.002685546875, 0.97412109375, -0.0263671875)  time: 5.67768613652     31 % 
(-0.002197265625, 0.973876953125, -0.02880859375)  time: 5.69675697393     31 % 
(0.0, 0.97607421875, -0.024658203125)  time: 5.70627165188     31 % 
(-0.00341796875, 0.97265625, -0.02783203125)  time: 5.71581319405     31 % 
(0.001953125, 0.972412109375, -0.02392578125)  time: 5.72534367448     31 % 
(-0.002197265625, 0.97216796875, -0.0234375)  time: 5.73484926599     31 % 
(-0.002685546875, 0.971435546875, -0.026123046875)  time: 5.74436947481     31 % 
(-0.002197265625, 0.97314453125, -0.027587890625)  time: 5.75409195547     31 % 
(-0.001708984375, 0.974609375, -0.02783203125)  time: 5.76340278132     31 % 
(-0.0009765625, 0.97216796875, -0.025634765625)  time: 5.77291469382     31 % 
(-0.003662109375, 0.971435546875, -0.025146484375)  time: 5.78244912488     31 % 
(-0.003173828125, 0.97314453125, -0.02392578125)  time: 5.79204518563     31 % 
(-0.001220703125, 0.9716796875, -0.024169921875)  time: 5.80156341914     31 % 
(0.00048828125, 0.977783203125, -0.026123046875)  time: 5.8112440232     31 % 
(-0.0009765625, 0.97412109375, -0.024658203125)  time: 5.82113717073     31 % 
(-0.004150390625, 0.971923828125, -0.025634765625)  time: 5.83061629308     31 % 
(0.0, 0.970703125, -0.024169921875)  time: 5.84020405753     31 % 
(-0.001220703125, 0.97021484375, -0.024658203125)  time: 5.85017582243     31 % 
(-0.001220703125, 0.972900390625, -0.0244140625)  time: 5.86020447629     31 % 
(-0.0029296875, 0.972412109375, -0.0244140625)  time: 5.87025446351     31 % 
(-0.000732421875, 0.9716796875, -0.0263671875)  time: 5.87976993158     31 % 
(-0.002685546875, 0.975830078125, -0.026611328125)  time: 5.88931463425     31 % 
(-0.00341796875, 0.97265625, -0.020751953125)  time: 5.89883602825     31 % 
(-0.002685546875, 0.976806640625, -0.0244140625)  time: 5.90833213827     31 % 
(-0.001220703125, 0.97216796875, -0.02587890625)  time: 5.91786538414     31 % 
(-0.003173828125, 0.97265625, -0.026611328125)  time: 5.92743695104     31 % 
(-0.005859375, 0.97509765625, -0.025146484375)  time: 5.93687893754     31 % 
(0.000244140625, 0.97021484375, -0.0244140625)  time: 5.94646117111     31 % 
(-0.000732421875, 0.97509765625, -0.025634765625)  time: 5.95595412064     31 % 
(-0.0029296875, 0.9755859375, -0.0283203125)  time: 5.96547986032     31 % 
(-0.000732421875, 0.97412109375, -0.025634765625)  time: 5.97504550129     31 % 
(-0.001953125, 0.97216796875, -0.02685546875)  time: 5.98506980947     31 % 
(-0.00244140625, 0.972412109375, -0.024658203125)  time: 5.99455722812     31 % 
(-0.00244140625, 0.974609375, -0.027099609375)  time: 6.0040829678     31 % 
(-0.00146484375, 0.97509765625, -0.02783203125)  time: 6.01366204088     31 % 
(-0.0029296875, 0.970703125, -0.025146484375)  time: 6.02319489169     31 % 
(-0.002197265625, 0.97314453125, -0.024169921875)  time: 6.03322354555     31 % 
(-0.001220703125, 0.97802734375, -0.02587890625)  time: 6.04272439632     31 % 
(-0.002685546875, 0.974609375, -0.029296875)  time: 6.05262544509     31 % 
(-0.004150390625, 0.97119140625, -0.023193359375)  time: 6.0621748885     31 % 
(-0.00341796875, 0.97314453125, -0.0283203125)  time: 6.0716879862     31 % 
(-0.00390625, 0.976318359375, -0.025146484375)  time: 6.08123624443     31 % 
(-0.00146484375, 0.97412109375, -0.025390625)  time: 6.09075882362     31 % 
(-0.001708984375, 0.96826171875, -0.02685546875)  time: 6.1003639708     31 % 
(-0.001708984375, 0.9765625, -0.02685546875)  time: 6.11932932661     31 % 
(-0.002197265625, 0.975341796875, -0.026611328125)  time: 6.12886889347     31 % 
(-0.00244140625, 0.97119140625, -0.02783203125)  time: 6.13845626286     31 % 
(-0.004150390625, 0.97021484375, -0.026123046875)  time: 6.14841024997     31 % 
(-0.0009765625, 0.9765625, -0.027099609375)  time: 6.15866962015     31 % 
(0.000732421875, 0.9736328125, -0.027099609375)  time: 6.16794568053     31 % 
(-0.004638671875, 0.97412109375, -0.02783203125)  time: 6.17747063009     31 % 
(-0.002685546875, 0.97119140625, -0.02734375)  time: 6.18703113525     31 % 
(-0.000732421875, 0.97412109375, -0.02685546875)  time: 6.19651973909     31 % 
(0.0, 0.97314453125, -0.026611328125)  time: 6.20607945412     31 % 
(-0.002685546875, 0.972900390625, -0.02734375)  time: 6.21565773708     31 % 
(-0.003173828125, 0.969970703125, -0.02685546875)  time: 6.22511355075     31 % 
(0.000732421875, 0.9697265625, -0.0263671875)  time: 6.23460610521     31 % 
(-0.00390625, 0.97412109375, -0.02490234375)  time: 6.24422073389     31 % 
(0.000732421875, 0.971923828125, -0.024658203125)  time: 6.25419921485     31 % 
(-0.00341796875, 0.974609375, -0.025390625)  time: 6.2637044113     31 % 
(-0.002685546875, 0.9736328125, -0.02587890625)  time: 6.27350353403     31 % 
(-0.00048828125, 0.973388671875, -0.02734375)  time: 6.28332122468     31 % 
(0.000244140625, 0.97314453125, -0.026123046875)  time: 6.29284617424     31 % 
(-0.00341796875, 0.975341796875, -0.026123046875)  time: 6.30289102565     31 % 
(-0.000244140625, 0.9736328125, -0.02734375)  time: 6.31243888882     31 % 
(-0.0029296875, 0.97021484375, -0.025390625)  time: 6.32188127038     31 % 
(0.00146484375, 0.9736328125, -0.02880859375)  time: 6.33201185029     31 % 
(-0.001220703125, 0.969970703125, -0.027587890625)  time: 6.3414380343     31 % 
(-0.000244140625, 0.9736328125, -0.027099609375)  time: 6.35146945359     31 % 
(-0.001953125, 0.9736328125, -0.024658203125)  time: 6.36102916863     31 % 
(-0.001953125, 0.9736328125, -0.02587890625)  time: 6.38004311709     31 % 
(-0.00048828125, 0.971435546875, -0.0244140625)  time: 6.38961152349     31 % 
(-0.001953125, 0.974853515625, -0.028564453125)  time: 6.39908274459     31 % 
(-0.0009765625, 0.9736328125, -0.0263671875)  time: 6.40864996581     31 % 
(-0.001220703125, 0.977294921875, -0.027587890625)  time: 6.41863990357     31 % 
(-0.0029296875, 0.9755859375, -0.02587890625)  time: 6.42818302599     31 % 
(-0.00390625, 0.971435546875, -0.02587890625)  time: 6.43770916074     31 % 
(-0.0048828125, 0.9755859375, -0.02734375)  time: 6.45679580065     31 % 
(-0.004150390625, 0.97119140625, -0.026123046875)  time: 6.46629941685     31 % 
(-0.001220703125, 0.9716796875, -0.026123046875)  time: 6.47580698367     31 % 
(-0.001708984375, 0.9736328125, -0.02685546875)  time: 6.48586487214     31 % 
(-0.00244140625, 0.97412109375, -0.0244140625)  time: 6.49536019203     31 % 
(-0.003662109375, 0.97607421875, -0.0263671875)  time: 6.50489620333     31 % 
(-0.00439453125, 0.9755859375, -0.026611328125)  time: 6.51442984426     31 % 
(-0.002197265625, 0.975830078125, -0.025634765625)  time: 6.52387499126     31 % 
(-0.00146484375, 0.971435546875, -0.024169921875)  time: 6.53346236065     31 % 
(-0.003662109375, 0.973388671875, -0.024658203125)  time: 6.54305881646     31 % 
(-0.00146484375, 0.97265625, -0.02685546875)  time: 6.55243285227     31 % 
(0.000244140625, 0.97509765625, -0.024658203125)  time: 6.56227385158     31 % 
(-0.001220703125, 0.9736328125, -0.0283203125)  time: 6.57154556628     31 % 
(-0.00146484375, 0.974609375, -0.02978515625)  time: 6.59056623079     31 % 
(-0.0029296875, 0.9697265625, -0.025390625)  time: 6.60009118035     31 % 
(-0.00537109375, 0.9736328125, -0.0263671875)  time: 6.60963311759     31 % 
(-0.00390625, 0.97314453125, -0.0263671875)  time: 6.61917624001     31 % 
(-0.001220703125, 0.97607421875, -0.0263671875)  time: 6.62863955987     31 % 
(-0.000732421875, 0.973388671875, -0.025634765625)  time: 6.6381992749     31 % 
(-0.000732421875, 0.974853515625, -0.02734375)  time: 6.64768195281     31 % 
(0.000244140625, 0.974365234375, -0.024169921875)  time: 6.65722942091     31 % 
(-0.00146484375, 0.97314453125, -0.027587890625)  time: 6.66678202483     31 % 
(-0.00146484375, 0.97314453125, -0.029296875)  time: 6.68583982519     31 % 
(-0.0009765625, 0.9765625, -0.02587890625)  time: 6.69530986111     31 % 
(-0.001220703125, 0.97412109375, -0.02783203125)  time: 6.70491856385     31 % 
(0.00048828125, 0.971435546875, -0.02587890625)  time: 6.71443521711     31 % 
(-0.004150390625, 0.978271484375, -0.027587890625)  time: 6.72392816663     31 % 
(0.000732421875, 0.974609375, -0.027099609375)  time: 6.73349222735     31 % 
(-0.001220703125, 0.97607421875, -0.028076171875)  time: 6.74294369534     31 % 
(0.0029296875, 0.97607421875, -0.026611328125)  time: 6.75246271897     31 % 
(-0.001220703125, 0.97509765625, -0.02685546875)  time: 6.76207774271     31 % 
(-0.002685546875, 0.972900390625, -0.02734375)  time: 6.77158649472     31 % 
(-0.00048828125, 0.974609375, -0.02685546875)  time: 6.78115253075     31 % 
(-0.000732421875, 0.97314453125, -0.02783203125)  time: 6.79117249324     31 % 
(0.00146484375, 0.975830078125, -0.027099609375)  time: 6.80103996173     31 % 
(-0.00146484375, 0.97265625, -0.025390625)  time: 6.81054357793     31 % 
(-0.001220703125, 0.97607421875, -0.02392578125)  time: 6.82029055244     31 % 
(-0.003173828125, 0.97265625, -0.02685546875)  time: 6.82983209462     31 % 
(-0.0009765625, 0.97314453125, -0.02734375)  time: 6.83931240215     31 % 
(-0.00146484375, 0.97265625, -0.02734375)  time: 6.84895468518     31 % 
(-0.001220703125, 0.9736328125, -0.025146484375)  time: 6.85839469637     31 % 
(-0.004638671875, 0.97216796875, -0.0263671875)  time: 6.86795520153     31 % 
(-0.0029296875, 0.971435546875, -0.02880859375)  time: 6.87746355848     31 % 
(-0.00439453125, 0.97021484375, -0.02685546875)  time: 6.88695690306     31 % 
(-0.003173828125, 0.97509765625, -0.0263671875)  time: 6.89655059344     31 % 
(-0.00048828125, 0.97607421875, -0.0244140625)  time: 6.9061257159     31 % 
(-0.00146484375, 0.97216796875, -0.025390625)  time: 6.916086024     31 % 
(-0.00146484375, 0.971923828125, -0.02490234375)  time: 6.92611270255     31 % 
(-0.002685546875, 0.97412109375, -0.02490234375)  time: 6.93619824537     31 % 
(-0.003173828125, 0.974853515625, -0.02392578125)  time: 6.9462031955     31 % 
(-0.00341796875, 0.976806640625, -0.026611328125)  time: 6.95614809618     31 % 
(-0.001708984375, 0.97216796875, -0.02734375)  time: 6.96568094698     31 % 
(0.000244140625, 0.97314453125, -0.02783203125)  time: 6.97524026695     31 % 
(-0.002197265625, 0.978515625, -0.025146484375)  time: 6.98526576031     31 % 
(-0.005859375, 0.974609375, -0.029296875)  time: 6.99476147527     31 % 
(-0.00048828125, 0.97216796875, -0.025146484375)  time: 7.00428642483     31 % 
(-0.00244140625, 0.9736328125, -0.02490234375)  time: 7.01380781883     31 % 
(-0.003662109375, 0.9736328125, -0.02734375)  time: 7.0233702993     31 % 
(-0.001953125, 0.974609375, -0.026611328125)  time: 7.03289445874     31 % 
(-0.000732421875, 0.973388671875, -0.023681640625)  time: 7.04285437178     31 % 
(-0.002197265625, 0.972412109375, -0.027099609375)  time: 7.05240302507     31 % 
(-0.000732421875, 0.97314453125, -0.02783203125)  time: 7.06250871606     31 % 
(0.0009765625, 0.97265625, -0.028564453125)  time: 7.07207396196     31 % 
(-0.00341796875, 0.97607421875, -0.0263671875)  time: 7.08145826938     31 % 
(-0.003662109375, 0.9736328125, -0.025390625)  time: 7.09151813316     31 % 
(-0.00439453125, 0.9736328125, -0.02392578125)  time: 7.10109957661     31 % 
(-0.00146484375, 0.976318359375, -0.026123046875)  time: 7.12007994479     31 % 
(-0.003662109375, 0.969970703125, -0.02685546875)  time: 7.13910653524     31 % 
(-0.005859375, 0.970703125, -0.025146484375)  time: 7.14910634956     31 % 
(-0.001953125, 0.974853515625, -0.0244140625)  time: 7.1586451263     31 % 
(-0.001220703125, 0.975830078125, -0.026611328125)  time: 7.16821629813     31 % 
(-0.0009765625, 0.9736328125, -0.023681640625)  time: 7.17822203839     31 % 
(-0.00439453125, 0.97119140625, -0.026123046875)  time: 7.18837079116     31 % 
(-0.00146484375, 0.975341796875, -0.025390625)  time: 7.19829159304     31 % 
(-0.001708984375, 0.971435546875, -0.025390625)  time: 7.20775965364     31 % 
(-0.003173828125, 0.97265625, -0.0263671875)  time: 7.21735492427     31 % 
(-0.003173828125, 0.9765625, -0.0244140625)  time: 7.22680757745     31 % 
(-0.003173828125, 0.978271484375, -0.027099609375)  time: 7.23633094676     31 % 
(0.000244140625, 0.974365234375, -0.02392578125)  time: 7.24591436553     31 % 
(-0.00146484375, 0.97314453125, -0.02685546875)  time: 7.26500456099     31 % 
(-0.002197265625, 0.975341796875, -0.027099609375)  time: 7.27443351044     31 % 
(-0.0009765625, 0.97265625, -0.025390625)  time: 7.28398848473     31 % 
(-0.00439453125, 0.970703125, -0.027587890625)  time: 7.29352765653     31 % 
(-0.00390625, 0.9736328125, -0.0283203125)  time: 7.3030660382     31 % 
(-0.00244140625, 0.97509765625, -0.025634765625)  time: 7.31251237039     31 % 
(-0.0009765625, 0.9736328125, -0.025634765625)  time: 7.32214161637     31 % 
(-0.001220703125, 0.970703125, -0.02587890625)  time: 7.33164088688     31 % 
(-0.00048828125, 0.970703125, -0.024169921875)  time: 7.35069039094     31 % 
(-0.005859375, 0.97412109375, -0.0244140625)  time: 7.3602394393     31 % 
(0.000244140625, 0.9765625, -0.023681640625)  time: 7.37028824133     31 % 
(-0.001708984375, 0.9736328125, -0.024169921875)  time: 7.38026474698     31 % 
(-0.0029296875, 0.9716796875, -0.028564453125)  time: 7.38978772123     31 % 
(-0.0029296875, 0.97216796875, -0.025146484375)  time: 7.39936126344     31 % 
(-0.000244140625, 0.97607421875, -0.026611328125)  time: 7.40937569506     31 % 
(-0.003173828125, 0.975830078125, -0.0234375)  time: 7.41893778047     31 % 
(-0.00244140625, 0.97314453125, -0.026611328125)  time: 7.42840268058     31 % 
(-0.002197265625, 0.96875, -0.026123046875)  time: 7.43787982761     31 % 
(-0.00341796875, 0.9755859375, -0.0263671875)  time: 7.44741030804     31 % 
(-0.0009765625, 0.970703125, -0.026611328125)  time: 7.46698405964     31 % 
(-0.0009765625, 0.97412109375, -0.0283203125)  time: 7.47664254022     31 % 
(0.00244140625, 0.97412109375, -0.02294921875)  time: 7.48604660075     31 % 
(0.001708984375, 0.977783203125, -0.02734375)  time: 7.49556364906     31 % 
(-0.000244140625, 0.969970703125, -0.02587890625)  time: 7.50514904314     31 % 
(-0.00146484375, 0.97802734375, -0.025634765625)  time: 7.51460169632     31 % 
(0.0, 0.97265625, -0.02880859375)  time: 7.52416259654     31 % 
(-0.0009765625, 0.9716796875, -0.025390625)  time: 7.53386492903     31 % 
(-0.000732421875, 0.970947265625, -0.02490234375)  time: 7.54317456969     31 % 
(-0.002685546875, 0.9775390625, -0.023681640625)  time: 7.55319966799     31 % 
(-0.00341796875, 0.9736328125, -0.025146484375)  time: 7.56275345709     31 % 
(-0.002685546875, 0.97216796875, -0.026123046875)  time: 7.57230448076     31 % 
(-0.0048828125, 0.972412109375, -0.02490234375)  time: 7.58181678833     31 % 
(-0.004638671875, 0.97119140625, -0.027099609375)  time: 7.59136307125     31 % 
(-0.000244140625, 0.97412109375, -0.02734375)  time: 7.60084140347     31 % 
(-0.002685546875, 0.97216796875, -0.025146484375)  time: 7.61039005676     31 % 
(-0.0029296875, 0.97216796875, -0.025146484375)  time: 7.62039145133     31 % 
(-0.001220703125, 0.9765625, -0.02734375)  time: 7.62992351201     31 % 
(0.000244140625, 0.9755859375, -0.02685546875)  time: 7.63946702949     31 % 
(-0.00341796875, 0.97216796875, -0.0263671875)  time: 7.64911207796     31 % 
(-0.001220703125, 0.974609375, -0.02880859375)  time: 7.67798045785     31 % 
(-0.00390625, 0.9755859375, -0.026611328125)  time: 7.68749632098     31 % 
(-0.002197265625, 0.97021484375, -0.026123046875)  time: 7.69706314714     31 % 
(-0.004150390625, 0.97705078125, -0.025634765625)  time: 7.70705980096     31 % 
(-0.00048828125, 0.970458984375, -0.028076171875)  time: 7.71654129368     31 % 
(-0.00048828125, 0.9736328125, -0.027099609375)  time: 7.72612510751     31 % 
(-0.001953125, 0.974609375, -0.028076171875)  time: 7.73610477366     31 % 
(-0.002197265625, 0.972900390625, -0.025634765625)  time: 7.74568582205     31 % 
(-0.0009765625, 0.974609375, -0.02734375)  time: 7.75527911737     31 % 
(-0.00244140625, 0.975341796875, -0.024658203125)  time: 7.76479735087     31 % 
(-0.0009765625, 0.97265625, -0.026611328125)  time: 7.77478175777     31 % 
(-0.00390625, 0.9736328125, -0.023681640625)  time: 7.78429525052     31 % 
(0.0, 0.97265625, -0.026123046875)  time: 7.79381940996     31 % 
(-0.001708984375, 0.97412109375, -0.02783203125)  time: 7.80329260637     31 % 
(-0.00048828125, 0.97412109375, -0.02685546875)  time: 7.81285666709     31 % 
(-0.000244140625, 0.971435546875, -0.023193359375)  time: 7.82262102434     31 % 
(0.001220703125, 0.977294921875, -0.025146484375)  time: 7.83192750451     31 % 
(-0.002197265625, 0.974853515625, -0.0283203125)  time: 7.84142005897     31 % 
(0.000244140625, 0.9755859375, -0.025390625)  time: 7.85093039123     31 % 
(-0.001953125, 0.97265625, -0.026123046875)  time: 7.86052250136     31 % 
(-0.0009765625, 0.974609375, -0.024658203125)  time: 7.87046068598     31 % 
(-0.00439453125, 0.975830078125, -0.0302734375)  time: 7.8801804012     31 % 
