

Device Info|WL Sensor|Firmware Version|Hardware Version
|<YEI3Space WL:12000857>;17Mar2015N37;TSS-WL                  v2.0.0  

Raw Accelerometer Data (X, Y, Z)|Time|Battery
(-0.044189453125, 0.994140625, 0.0908203125)|2.90019267183|34 % 
(-0.01123046875, 0.87353515625, -0.14501953125)|2.90966468306|34 % 
(0.01416015625, 0.822265625, -0.21533203125)|2.91918844743|34 % 
(0.04296875, 0.7734375, -0.2099609375)|2.92870905131|34 % 
(-0.003173828125, 0.859619140625, -0.177001953125)|2.94791895062|34 % 
(0.034912109375, 0.949462890625, -0.215576171875)|2.9573151099|34 % 
(-0.0068359375, 0.946533203125, -0.109619140625)|2.9668428249|34 % 
(0.001953125, 1.174560546875, -0.163330078125)|2.97637646583|34 % 
(-0.401611328125, 1.063232421875, -0.318603515625)|2.98589430427|34 % 
(-0.068359375, 1.369384765625, -0.06982421875)|2.99540858715|34 % 
(0.05712890625, 1.2197265625, 0.044189453125)|3.00515200611|34 % 
(-0.0654296875, 1.107421875, -0.17919921875)|3.0144351776|34 % 
(0.072021484375, 1.137451171875, -0.133544921875)|3.02451321424|34 % 
(0.07421875, 1.1884765625, -0.0390625)|3.0535700388|34 % 
(0.0849609375, 1.1259765625, -0.007080078125)|3.06368679153|34 % 
(0.19482421875, 1.0888671875, -0.017822265625)|3.0730549014|34 % 
(0.324951171875, 1.03173828125, -0.151123046875)|3.08263357942|34 % 
(0.36962890625, 0.913330078125, -0.125732421875)|3.09212178819|34 % 
(0.370849609375, 0.19384765625, 0.220703125)|3.13073990804|34 % 
(0.50732421875, 0.95703125, 0.326416015625)|3.15977460912|34 % 
(0.5302734375, 1.256591796875, 0.1904296875)|3.1693442007|34 % 
(0.174560546875, 0.7197265625, 0.1240234375)|3.17891023673|34 % 
(0.80224609375, 0.618408203125, -0.221435546875)|3.21877122225|34 % 
(0.867919921875, 0.854248046875, 0.12890625)|3.22877854275|34 % 
(0.947509765625, 0.783935546875, 0.12060546875)|3.23894546838|34 % 
(0.874755859375, 0.4580078125, 0.1591796875)|3.24883110973|34 % 
(0.85302734375, 0.154541015625, 0.160400390625)|3.25886647964|34 % 
(0.821044921875, -0.0302734375, 0.1318359375)|3.26887893596|34 % 
(0.669921875, -0.134033203125, 0.137939453125)|3.27840151514|34 % 
(0.523193359375, -0.249755859375, 0.22802734375)|3.28792685977|34 % 
(0.50146484375, -0.224853515625, 0.235595703125)|3.29763314287|34 % 
(0.490478515625, -0.23046875, 0.2890625)|3.30699177125|34 % 
(0.54248046875, -0.2314453125, 0.380859375)|3.31655148628|34 % 
(0.655029296875, -0.1767578125, 0.3125)|3.32601283083|34 % 
(1.00244140625, -0.231201171875, 0.05908203125)|3.3355689903|34 % 
(1.312255859375, -0.2685546875, -0.029052734375)|3.3450789275|34 % 
(1.292724609375, -0.22802734375, -0.08837890625)|3.3546714327|34 % 
(1.293701171875, -0.2802734375, -0.100830078125)|3.36413672787|34 % 
(1.23046875, -0.143798828125, -0.086181640625)|3.38320440479|34 % 
(0.899658203125, -0.23974609375, -0.112548828125)|3.39272895928|34 % 
(0.805419921875, -0.2900390625, -0.121337890625)|3.40278605762|34 % 
(0.78173828125, -0.490478515625, -0.0087890625)|3.41283327941|34 % 
(0.731689453125, -0.6171875, -0.020751953125)|3.42226617948|34 % 
(0.44287109375, -0.796630859375, 0.20703125)|3.43179349941|34 % 
(0.300048828125, -0.798583984375, -0.07373046875)|3.4413453132|34 % 
(0.697509765625, -0.695556640625, -0.15673828125)|3.45090147267|34 % 
(0.942626953125, -0.64892578125, -0.16259765625)|3.46038849626|34 % 
(0.978515625, -0.705078125, -0.157958984375)|3.47510179765|34 % 
(0.831787109375, -0.7392578125, -0.18701171875)|3.48489262407|34 % 
(0.790771484375, -0.86181640625, -0.282470703125)|3.49443140081|34 % 
(0.687255859375, -0.991455078125, -0.24169921875)|3.50398677016|34 % 
(0.52294921875, -1.021484375, -0.21875)|3.51347813943|34 % 
(0.307373046875, -0.908935546875, -0.202880859375)|3.52305444708|34 % 
(0.146728515625, -0.617919921875, -0.174072265625)|3.53256161884|34 % 
(0.185546875, -0.099365234375, -0.075439453125)|3.54208735852|34 % 
(1.12939453125, -0.184814453125, 0.25)|3.55161783895|34 % 
(1.15234375, -0.701171875, -0.09326171875)|3.56111868972|34 % 
(0.718994140625, -1.357421875, -0.18212890625)|3.58032542853|34 % 
(0.5341796875, -1.3818359375, -0.134765625)|3.59965858725|34 % 
(0.432861328125, -1.211181640625, 0.0087890625)|3.61879460993|34 % 
(0.407958984375, -1.009521484375, -0.0849609375)|3.62879560944|34 % 
(0.27294921875, -0.764892578125, 0.06298828125)|3.63909211547|34 % 
(-1.817626953125, -0.27783203125, 0.5126953125)|3.64885726284|34 % 
(-0.107421875, -0.48388671875, 0.0966796875)|3.65835218768|34 % 
(-0.016845703125, -0.945556640625, 0.03076171875)|3.66791229777|34 % 
(-0.02001953125, -1.018798828125, -0.01220703125)|3.6778880133|34 % 
(0.32666015625, -1.12646484375, -0.11767578125)|3.68744259252|34 % 
(0.703369140625, -1.05517578125, -0.13134765625)|3.69708685087|34 % 
(0.98486328125, -0.92578125, -0.119140625)|3.70695155392|34 % 
(1.036376953125, -0.656005859375, -0.20703125)|3.71654089862|34 % 
(0.9609375, -0.610595703125, -0.2119140625)|3.72606387287|34 % 
(0.43408203125, -0.862060546875, -0.103515625)|3.73553311866|34 % 
(0.2900390625, -0.912841796875, -0.050537109375)|3.74508927813|34 % 
(0.208984375, -0.88525390625, -0.04052734375)|3.7548816848|34 % 
(0.166748046875, -0.7041015625, -0.0576171875)|3.76463498031|34 % 
(0.241943359375, -0.769287109375, -0.041748046875)|3.77416546074|34 % 
(0.350830078125, -0.91748046875, -0.027587890625)|3.79323392778|34 % 
(0.34521484375, -0.88916015625, -0.12646484375)|3.80280628481|34 % 
(0.296875, -0.895751953125, -0.20361328125)|3.81301824753|34 % 
(0.296875, -0.900634765625, -0.271484375)|3.82230615977|34 % 
(0.405517578125, -1.003662109375, -0.279541015625)|3.83182636858|34 % 
(0.520751953125, -1.059326171875, -0.234130859375)|3.84156662704|34 % 
(0.534423828125, -0.985595703125, -0.26904296875)|3.86063627927|34 % 
(0.470458984375, -0.9755859375, -0.3701171875)|3.87024537708|34 % 
(0.37158203125, -1.1552734375, -0.275390625)|3.8796944747|34 % 
(0.3134765625, -1.214111328125, -0.260498046875)|3.88969744952|34 % 
(0.12939453125, -1.014404296875, -0.1650390625)|3.90919613929|34 % 
(0.002197265625, -0.96142578125, -0.01416015625)|3.91876375557|34 % 
(0.0751953125, -0.946044921875, -0.041015625)|3.92855932274|34 % 
(0.11474609375, -0.965576171875, -0.1240234375)|3.93782787693|34 % 
(0.16357421875, -1.001708984375, -0.164306640625)|3.94735124624|34 % 
(0.17822265625, -0.95751953125, -0.122802734375)|3.95691886252|34 % 
(0.1943359375, -0.82958984375, -0.11572265625)|3.96642879972|34 % 
(0.265869140625, -0.571044921875, -0.1533203125)|3.97641399674|34 % 
(0.309814453125, -0.380615234375, -0.1494140625)|3.9860183538|34 % 
(0.381591796875, -0.26123046875, -0.1494140625)|3.99542280939|34 % 
(0.468994140625, -0.316162109375, -0.15771484375)|4.00501768496|34 % 
(0.5947265625, -0.482177734375, -0.175537109375)|4.01493848684|34 % 
(0.68994140625, -0.70166015625, -0.17822265625)|4.02444960922|34 % 
(0.672119140625, -0.85205078125, -0.1044921875)|4.03398996621|34 % 
(0.769287109375, -0.966552734375, -0.119873046875)|4.04358089116|34 % 
(0.936767578125, -0.935791015625, -0.150146484375)|4.0530307789|34 % 
(1.057861328125, -0.838623046875, -0.15625)|4.06306654388|34 % 
(0.8955078125, -0.7880859375, -0.24267578125)|4.07256146871|34 % 
(0.91357421875, -0.78125, -0.268310546875)|4.08209985039|34 % 
(0.835205078125, -0.833984375, -0.212646484375)|4.09188040519|34 % 
(0.7607421875, -0.768310546875, -0.23095703125)|4.10165503406|34 % 
(0.720703125, -0.661376953125, -0.214599609375)|4.11090106971|34 % 
(0.686279296875, -0.571533203125, -0.20263671875)|4.12043036495|34 % 
(0.74169921875, -0.486572265625, -0.1650390625)|4.12996400588|34 % 
(0.728759765625, -0.333251953125, -0.035888671875)|4.14001320298|34 % 
(0.803955078125, -0.32421875, -0.1171875)|4.14948679445|34 % 
(0.850830078125, -0.40234375, -0.221435546875)|4.15924008996|34 % 
(0.821044921875, -0.497314453125, -0.311767578125)|4.16853906395|34 % 
(0.719970703125, -0.685302734375, -0.22802734375)|4.17809364317|34 % 
(0.66796875, -0.68994140625, -0.17431640625)|4.18762807423|34 % 
(0.62890625, -0.659423828125, -0.125732421875)|4.19717633246|34 % 
(0.626708984375, -0.616455078125, -0.252685546875)|4.20664281281|34 % 
(0.700927734375, -0.664306640625, -0.321044921875)|4.21641072562|34 % 
(0.81396484375, -0.944091796875, -0.31982421875)|4.22585942818|34 % 
(0.70654296875, -0.92626953125, -0.2646484375)|4.23569963737|34 % 
(0.5615234375, -0.65625, -0.214599609375)|4.24531505618|34 % 
(0.92041015625, -0.385986328125, -0.244384765625)|4.25479259827|34 % 
(0.984375, -0.306396484375, -0.236083984375)|4.26434046144|34 % 
(0.8720703125, -0.356201171875, -0.26416015625)|4.27405109023|34 % 
(0.80078125, -0.376220703125, -0.25634765625)|4.28389762042|34 % 
(0.80615234375, -0.37939453125, -0.248046875)|4.29338661932|34 % 
(0.8154296875, -0.361083984375, -0.262451171875)|4.30339591514|34 % 
(0.823974609375, -0.317626953125, -0.30224609375)|4.31290190171|34 % 
(0.743408203125, -0.30517578125, -0.318359375)|4.32244107351|34 % 
(0.871826171875, -0.344970703125, -0.353759765625)|4.3321935789|34 % 
(0.804931640625, -0.2841796875, -0.33984375)|4.34197887444|34 % 
(0.8095703125, -0.1611328125, -0.2890625)|4.35188545409|34 % 
(0.945556640625, -0.188232421875, -0.3017578125)|4.36143213207|34 % 
(0.992431640625, -0.20166015625, -0.34619140625)|4.37096774831|34 % 
(0.873046875, -0.166015625, -0.404296875)|4.38051561148|34 % 
(0.8837890625, -0.2392578125, -0.39501953125)|4.39077656191|34 % 
(0.829833984375, -0.220947265625, -0.411376953125)|4.40003642473|34 % 
(0.772216796875, -0.175537109375, -0.4169921875)|4.40960364595|34 % 
(0.7138671875, -0.099609375, -0.42431640625)|4.41909580535|34 % 
(0.659912109375, -0.0068359375, -0.473876953125)|4.42866065619|34 % 
(0.652099609375, 0.060791015625, -0.488525390625)|4.43817217364|34 % 
(0.6533203125, 0.1171875, -0.51220703125)|4.4477409751|34 % 
(0.64111328125, 0.228271484375, -0.5771484375)|4.45719283815|34 % 
(0.697021484375, 0.23583984375, -0.650634765625)|4.46673596058|34 % 
(0.757080078125, 0.271240234375, -0.71142578125)|4.47621745329|34 % 
(0.78369140625, 0.32763671875, -0.728515625)|4.48577914364|34 % 
(0.80322265625, 0.347900390625, -0.740234375)|4.49528354997|34 % 
(0.82080078125, 0.336181640625, -0.78662109375)|4.5048547218|34 % 
(0.87158203125, 0.325439453125, -0.841552734375)|4.51431290585|34 % 
(0.837890625, 0.34912109375, -0.80419921875)|4.52387736163|34 % 
(0.728515625, 0.297119140625, -0.611083984375)|4.53341297787|34 % 
(0.719970703125, 0.26220703125, -0.8056640625)|4.54293279162|34 % 
(0.76513671875, 0.282470703125, -0.8515625)|4.6005913291|34 % 
(0.7412109375, 0.38671875, -0.83154296875)|4.6083622025|34 % 
(0.636962890625, 0.42578125, -0.83935546875)|4.61589208797|34 % 
(0.568115234375, 0.31494140625, -0.849853515625)|4.62542849434|34 % 
(0.5302734375, 0.174560546875, -0.873779296875)|4.63496134514|34 % 
(0.573486328125, -0.034423828125, -0.8671875)|4.6449931595|34 % 
(0.677001953125, -0.07421875, -0.96875)|4.65452403499|34 % 
(0.645751953125, -0.045166015625, -0.86767578125)|4.6646368371|34 % 
(0.624755859375, 0.016845703125, -0.9140625)|4.68362076083|34 % 
(0.749755859375, -0.031005859375, -0.735595703125)|4.69315953757|34 % 
(0.76220703125, -0.13720703125, -0.9267578125)|4.70263786979|34 % 
(0.572265625, -0.09814453125, -0.77783203125)|4.72201132485|34 % 
(0.55419921875, -0.175537109375, -0.581787109375)|4.75058577847|34 % 
(0.358154296875, -0.171630859375, -0.4619140625)|4.76011902434|34 % 
(0.420654296875, -0.278564453125, -0.5107421875)|4.76962501091|34 % 
(0.4658203125, -0.201171875, -0.531005859375)|4.77989504778|34 % 
(0.674072265625, 0.0146484375, -0.657958984375)|4.78919323164|34 % 
(0.8173828125, 0.16845703125, -0.78076171875)|4.79869092191|34 % 
(0.87060546875, 0.09716796875, -0.869140625)|4.8082154764|34 % 
(0.669189453125, 0.04541015625, -0.9130859375)|4.817778747|34 % 
(0.488525390625, -0.02001953125, -0.88818359375)|4.82780028974|34 % 
(0.39794921875, -0.043212890625, -0.89404296875)|4.83790203011|34 % 
(0.55078125, -0.114013671875, -0.957763671875)|4.84752139953|34 % 
(0.6318359375, -0.212158203125, -0.9697265625)|4.85647864472|34 % 
(0.59912109375, -0.3095703125, -0.94775390625)|4.86413929577|34 % 
(0.523193359375, -0.50341796875, -0.916259765625)|4.87722731128|34 % 
(0.425537109375, -0.940673828125, -1.244873046875)|4.8871864342|34 % 
(0.2255859375, -0.423583984375, -0.65234375)|4.89684333453|34 % 
(0.509521484375, -0.266357421875, -0.69580078125)|4.90626754323|34 % 
(0.778076171875, 0.22412109375, -0.74951171875)|4.91573915939|34 % 
(0.6796875, -0.18115234375, -0.466796875)|4.94483588524|34 % 
(0.52294921875, -0.29931640625, -0.4609375)|4.95442602006|34 % 
(0.5205078125, -0.339111328125, -0.500732421875)|4.9638759078|34 % 
(0.5576171875, -0.4423828125, -0.481689453125)|4.97340994379|34 % 
(0.721435546875, -0.927734375, -0.30078125)|4.98291988099|34 % 
(0.425048828125, -0.9912109375, -0.576171875)|4.99245747254|34 % 
(0.1435546875, -0.736572265625, -0.3408203125)|5.00199427397|34 % 
(0.744140625, -0.709716796875, -0.94970703125)|5.01177956952|34 % 
(0.65576171875, -1.028564453125, -1.32080078125)|5.02104180272|34 % 
(0.629638671875, -0.305419921875, -1.068359375)|5.03054857942|34 % 
(0.581298828125, -0.15771484375, -0.711181640625)|5.0400806401|34 % 
(0.69384765625, -0.05419921875, -0.619873046875)|5.0496134909|34 % 
(0.71875, 0.1181640625, -0.632568359375)|5.05917241581|34 % 
(0.71728515625, 0.116943359375, -0.682373046875)|5.06941242795|34 % 
(0.5888671875, -0.02294921875, -0.79541015625)|5.08826163547|34 % 
(0.28125, -0.311767578125, -0.822265625)|5.0977451035|34 % 
(0.2412109375, -0.418212890625, -0.846435546875)|5.10726412713|34 % 
(0.164794921875, -0.49658203125, -0.983154296875)|5.11678196557|34 % 
(0.23583984375, -0.523681640625, -1.04345703125)|5.12643214985|34 % 
(0.370361328125, -0.43896484375, -1.1455078125)|5.13584648199|34 % 
(0.398193359375, -0.3740234375, -1.14404296875)|5.14537577724|34 % 
(0.44677734375, -0.21337890625, -1.14208984375)|5.15490112186|34 % 
(0.3857421875, -0.123779296875, -1.11181640625)|5.16435575035|34 % 
(0.27001953125, -0.18798828125, -1.0849609375)|5.17392850243|34 % 
(0.227783203125, -0.27880859375, -1.055419921875)|5.18345898286|34 % 
(0.166748046875, -0.417236328125, -1.006591796875)|5.19299973491|34 % 
(0.12939453125, -0.474609375, -0.94482421875)|5.20254167215|34 % 
(0.0810546875, -0.479248046875, -0.89794921875)|5.22162436143|34 % 
(0.228271484375, -0.575439453125, -0.802001953125)|5.23110071834|34 % 
(0.191162109375, -0.541015625, -0.85693359375)|5.24117756979|34 % 
(0.080810546875, -0.412109375, -1.04638671875)|5.25042795112|34 % 
(0.002685546875, -0.33544921875, -1.045654296875)|5.25997186367|34 % 
(-0.056884765625, -0.36279296875, -1.00146484375)|5.26990372729|34 % 
(0.000244140625, -0.30712890625, -0.98095703125)|5.27944368922|34 % 
(-0.0068359375, -0.354248046875, -1.0380859375)|5.28894295973|34 % 
(-0.078125, -0.453125, -0.972900390625)|5.29859946501|34 % 
(-0.191650390625, -0.47802734375, -0.94775390625)|5.30801379715|34 % 
(-0.50146484375, -0.617919921875, -0.8681640625)|5.32700680732|34 % 
(-0.48876953125, -0.411376953125, -0.910888671875)|5.33705047354|34 % 
(-0.45849609375, -0.291748046875, -0.935546875)|5.34657739841|34 % 
(-0.6787109375, -0.07421875, -0.94384765625)|5.35643103972|34 % 
(-0.78076171875, -0.115478515625, -0.97314453125)|5.36565534695|34 % 
(-0.76904296875, -0.142333984375, -0.9345703125)|5.37520281506|34 % 
(-0.53564453125, -0.16552734375, -0.944580078125)|5.38462978919|34 % 
(-0.02587890625, -0.388916015625, -0.871826171875)|5.39421834376|34 % 
(0.439453125, -0.554443359375, -0.5634765625)|5.40368324387|34 % 
(0.083984375, -0.453125, -0.573486328125)|5.41332789728|34 % 
(-0.6240234375, -0.40625, -0.64794921875)|5.42280780975|34 % 
(-0.693359375, -0.25830078125, -0.654296875)|5.43858580376|34 % 
(-0.70361328125, -0.137451171875, -0.63134765625)|5.45814572817|34 % 
(-0.708251953125, -0.24072265625, -0.65869140625)|5.46770544321|34 % 
(-0.700927734375, -0.1552734375, -0.62353515625)|5.47771513408|34 % 
(-0.647216796875, -0.1015625, -0.6474609375)|5.48757983713|34 % 
(-0.693359375, -0.146728515625, -0.644287109375)|5.49711347806|34 % 
(-0.6474609375, -0.08544921875, -0.65966796875)|5.50662499551|34 % 
(-0.62158203125, -0.040771484375, -0.703857421875)|5.51656199494|34 % 
(-0.951416015625, 0.382568359375, -0.234619140625)|5.52625445087|34 % 
(-0.711181640625, 0.090576171875, -0.637939453125)|5.53617880831|34 % 
(-0.553466796875, -0.281005859375, -0.678466796875)|5.54658909225|34 % 
(-0.595947265625, -0.40478515625, -0.876953125)|5.55526702846|34 % 
(-0.803955078125, -0.2724609375, -0.930419921875)|5.56481133607|34 % 
(-1.15380859375, 0.127685546875, -0.835693359375)|5.57428571767|34 % 
(-1.268310546875, 0.125732421875, -0.8701171875)|5.5838371364|34 % 
(-1.20458984375, 0.18212890625, -0.79345703125)|5.59336011065|34 % 
(-0.8046875, 0.056640625, -0.6474609375)|5.60289612195|34 % 
(-0.728515625, 0.0517578125, -0.60595703125)|5.61244951599|34 % 
(-0.7275390625, 0.0849609375, -0.665771484375)|5.6219404902|34 % 
(-0.67333984375, 0.095947265625, -0.75341796875)|5.63200390954|34 % 
(-0.649169921875, 0.092529296875, -0.833984375)|5.64160273573|34 % 
(-0.661865234375, 0.1650390625, -0.852783203125)|5.65106842596|34 % 
(-0.779052734375, 0.135009765625, -1.038330078125)|5.66059416564|34 % 
(-0.885498046875, 0.13623046875, -0.70458984375)|5.67010212753|34 % 
(-0.8427734375, 0.1259765625, -0.69775390625)|5.67959705236|34 % 
(-0.862548828125, 0.151611328125, -0.728515625)|5.68915479208|34 % 
(-0.83740234375, 0.063720703125, -0.557861328125)|5.69870660587|34 % 
(-0.696533203125, 0.164794921875, -0.68603515625)|5.70822404925|34 % 
(-0.6982421875, 0.264892578125, -0.68115234375)|5.71770672716|34 % 
(-0.7490234375, 0.22509765625, -0.67822265625)|5.72776264031|34 % 
(-0.743408203125, 0.219482421875, -0.673583984375)|5.7377419114|34 % 
(-0.752197265625, 0.263916015625, -0.655517578125)|5.7477136763|34 % 
(-0.698974609375, 0.27978515625, -0.7060546875)|5.75726588515|34 % 
(-0.733154296875, 0.300048828125, -0.677734375)|5.77673257489|34 % 
(-0.760009765625, 0.271240234375, -0.647216796875)|5.78678414236|34 % 
(-0.777587890625, 0.287109375, -0.630615234375)|5.79632410429|34 % 
(-0.61279296875, 0.41455078125, -0.556640625)|5.80632115317|34 % 
(-0.631591796875, 0.320068359375, -0.6650390625)|5.81602664616|34 % 
(-0.75048828125, 0.24560546875, -0.699462890625)|5.82537579304|34 % 
(-0.744384765625, 0.284423828125, -0.6357421875)|5.83496197724|34 % 
(-0.74560546875, 0.2998046875, -0.628173828125)|5.8444367539|34 % 
(-0.724609375, 0.33154296875, -0.642578125)|5.85396091334|34 % 
(-0.7353515625, 0.32568359375, -0.64111328125)|5.86346650485|34 % 
(-0.736328125, 0.32080078125, -0.633056640625)|5.87305268905|34 % 
(-0.71435546875, 0.3701171875, -0.59423828125)|5.8825369472|34 % 
(-0.74755859375, 0.297119140625, -0.69482421875)|5.8920970573|34 % 
(-0.728271484375, 0.314453125, -0.700439453125)|5.90209015556|34 % 
(-0.722900390625, 0.346435546875, -0.60791015625)|5.91192127833|34 % 
(-0.740234375, 0.35498046875, -0.60888671875)|5.92146756125|34 % 
(-0.716796875, 0.361328125, -0.60888671875)|5.93105651088|34 % 
(-0.73583984375, 0.369140625, -0.607421875)|5.9405526209|34 % 
(-0.7509765625, 0.3818359375, -0.61328125)|5.95008784208|34 % 
(-0.748046875, 0.375732421875, -0.59912109375)|5.95962345832|34 % 
(-0.73486328125, 0.39453125, -0.605712890625)|5.96915196344|34 % 
(-0.714599609375, 0.4052734375, -0.61572265625)|5.97865992533|34 % 
(-0.704833984375, 0.40771484375, -0.603271484375)|5.98835396151|34 % 
(-0.70556640625, 0.427490234375, -0.5390625)|5.997726022|34 % 
(-0.7265625, 0.374267578125, -0.60888671875)|6.01681700759|34 % 
(-0.723876953125, 0.410888671875, -0.604248046875)|6.02669277238|34 % 
(-0.71435546875, 0.42529296875, -0.58740234375)|6.03622404293|34 % 
(-0.70068359375, 0.45849609375, -0.604248046875)|6.04580351108|34 % 
(-0.7236328125, 0.4521484375, -0.60595703125)|6.05530080628|34 % 
(-0.69677734375, 0.459228515625, -0.580810546875)|6.06488817567|34 % 
(-0.6904296875, 0.4775390625, -0.57568359375)|6.07488522456|34 % 
(-0.70361328125, 0.45947265625, -0.58447265625)|6.0848743722|34 % 
(-0.708740234375, 0.44384765625, -0.58544921875)|6.09437996371|34 % 
(-0.69921875, 0.46484375, -0.57666015625)|6.10397799978|34 % 
(-0.69140625, 0.462890625, -0.575927734375)|6.11396438198|34 % 
(-0.69873046875, 0.47216796875, -0.581787109375)|6.12352883776|34 % 
(-0.70166015625, 0.460693359375, -0.58251953125)|6.13298741687|34 % 
(-0.704345703125, 0.45849609375, -0.58544921875)|6.14266051476|34 % 
(-0.693115234375, 0.4560546875, -0.583984375)|6.15209539014|34 % 
(-0.68798828125, 0.470703125, -0.58154296875)|6.162200291|34 % 
(-0.6943359375, 0.465087890625, -0.576904296875)|6.17164385775|34 % 
(-0.692626953125, 0.453369140625, -0.576416015625)|6.18164406713|34 % 
(-0.69677734375, 0.47021484375, -0.577392578125)|6.1982240374|34 % 
(-0.69482421875, 0.47265625, -0.58935546875)|6.20771145605|34 % 
(-0.70556640625, 0.44482421875, -0.58642578125)|6.21725615872|34 % 
(-0.708251953125, 0.44287109375, -0.58984375)|6.2268028367|34 % 
(-0.71484375, 0.433837890625, -0.60986328125)|6.23667741631|34 % 
(-0.7001953125, 0.4462890625, -0.58935546875)|6.24665115652|34 % 
(-0.70654296875, 0.463623046875, -0.58349609375)|6.25620376044|34 % 
(-0.706298828125, 0.43896484375, -0.587890625)|6.26566945067|34 % 
(-0.716796875, 0.440185546875, -0.60107421875)|6.27528170898|34 % 
(-0.703125, 0.454345703125, -0.581787109375)|6.30382929837|34 % 
(-0.7001953125, 0.4619140625, -0.5830078125)|6.31326535893|34 % 
(-0.712890625, 0.43603515625, -0.60595703125)|6.32284956782|34 % 
(-0.695068359375, 0.46044921875, -0.58251953125)|6.33242982609|34 % 
(-0.6962890625, 0.46435546875, -0.57763671875)|6.34191566449|34 % 
(-0.69580078125, 0.476318359375, -0.578369140625)|6.35146589803|34 % 
(-0.70849609375, 0.44873046875, -0.59326171875)|6.36143766294|34 % 
(-0.7041015625, 0.447265625, -0.5888671875)|6.3709740693|34 % 
(-0.71142578125, 0.438232421875, -0.58349609375)|6.38100035279|34 % 
(-0.71484375, 0.439697265625, -0.583984375)|6.39087809289|34 % 
(-0.73779296875, 0.438720703125, -0.576416015625)|6.40054368459|34 % 
(-0.695068359375, 0.45263671875, -0.604736328125)|6.41010616506|34 % 
(-0.74365234375, 0.406005859375, -0.52978515625)|6.41958449729|34 % 
(-0.72021484375, 0.4599609375, -0.57763671875)|6.42914263207|34 % 
(-0.681640625, 0.4541015625, -0.600830078125)|6.43867785325|34 % 
(-0.6962890625, 0.45947265625, -0.595703125)|6.44835411163|34 % 
(-0.6689453125, 0.509521484375, -0.58642578125)|6.45776409809|34 % 
(-0.63623046875, 0.5234375, -0.575439453125)|6.46724954143|34 % 
(-0.629150390625, 0.54638671875, -0.57568359375)|6.47727661504|34 % 
(-0.63525390625, 0.557861328125, -0.564453125)|6.48677470037|34 % 
(-0.624755859375, 0.57177734375, -0.565185546875)|6.49632137836|34 % 
(-0.5947265625, 0.5986328125, -0.56005859375)|6.50641482242|34 % 
(-0.595703125, 0.59521484375, -0.5634765625)|6.51587142622|34 % 
(-0.5712890625, 0.5732421875, -0.5478515625)|6.52538768441|34 % 
(-0.644287109375, 0.550537109375, -0.551513671875)|6.53500033778|34 % 
(-0.630859375, 0.556396484375, -0.560791015625)|6.54457111455|34 % 
(-0.537841796875, 0.621826171875, -0.5556640625)|6.55401823686|34 % 
(-0.503173828125, 0.658447265625, -0.5703125)|6.56362022355|34 % 
(-0.482421875, 0.671630859375, -0.57861328125)|6.57307366685|34 % 
(-0.474365234375, 0.69287109375, -0.5791015625)|6.5825788633|34 % 
(-0.45947265625, 0.689453125, -0.575927734375)|6.59211487461|34 % 
(-0.454833984375, 0.702392578125, -0.57080078125)|6.60159399695|34 % 
(-0.4365234375, 0.717041015625, -0.5673828125)|6.61116753916|34 % 
(-0.1708984375, 0.90966796875, -0.59375)|6.62087856302|34 % 
(-0.3671875, 0.65625, -0.465087890625)|6.63018662343|34 % 
(-0.453857421875, 0.7177734375, -0.564208984375)|6.63971315324|34 % 
(-0.45263671875, 0.719970703125, -0.56982421875)|6.6492882757|34 % 
(-0.358154296875, 0.742431640625, -0.6044921875)|6.6592695221|34 % 
(-0.3251953125, 0.744873046875, -0.60888671875)|6.66884227418|34 % 
(-0.328125, 0.7568359375, -0.60986328125)|6.67847823622|34 % 
(-0.302734375, 0.739013671875, -0.57568359375)|6.68831884048|34 % 
(-0.30615234375, 0.71142578125, -0.57568359375)|6.69787460489|34 % 
(-0.240478515625, 0.777587890625, -0.5673828125)|6.70745012241|34 % 
(-0.238525390625, 0.814697265625, -0.52294921875)|6.71471255077|34 % 
(-0.21484375, 0.756591796875, -0.5478515625)|6.7277721218|34 % 
(-0.217041015625, 0.803955078125, -0.59765625)|6.7374649728|34 % 
(-0.228515625, 0.808837890625, -0.56640625)|6.74683861354|34 % 
(-0.190673828125, 0.83740234375, -0.591796875)|6.7668745879|34 % 
(-0.1318359375, 0.828369140625, -0.57470703125)|6.77646827828|34 % 
(-0.110595703125, 0.833984375, -0.54296875)|6.78595569694|34 % 
(-0.09912109375, 0.839599609375, -0.555908203125)|6.79569081958|34 % 
(-0.089111328125, 0.83544921875, -0.529296875)|6.80503008991|34 % 
(-0.05859375, 0.859375, -0.5234375)|6.81488728678|34 % 
(-0.0361328125, 0.873291015625, -0.51220703125)|6.82444226107|34 % 
(-0.072265625, 0.875732421875, -0.53662109375)|6.833975902|34 % 
(-0.07177734375, 0.801513671875, -0.53076171875)|6.84347517251|34 % 
(-0.099365234375, 0.842041015625, -0.51416015625)|6.85305819622|34 % 
(-0.101806640625, 0.84033203125, -0.4970703125)|6.86254640499|34 % 
(-0.107421875, 0.85400390625, -0.511474609375)|6.87210414472|34 % 
(-0.091796875, 0.87255859375, -0.4990234375)|6.8820541812|34 % 
(-0.085205078125, 0.87158203125, -0.48046875)|6.89159809375|34 % 
(-0.05859375, 0.868408203125, -0.457275390625)|6.90114911741|34 % 
(-0.08740234375, 0.881103515625, -0.45263671875)|6.91118646264|34 % 
(0.006103515625, 0.967529296875, -0.44580078125)|6.92068889366|34 % 
(-0.10107421875, 0.84765625, -0.42333984375)|6.93073018951|34 % 
(-0.113037109375, 0.876220703125, -0.429931640625)|6.94028437367|34 % 
(-0.14208984375, 0.86474609375, -0.408447265625)|6.95986128576|34 % 
(-0.197509765625, 0.857421875, -0.426025390625)|6.96993458165|34 % 
(-0.14208984375, 0.90380859375, -0.438720703125)|6.97985893909|34 % 
(-0.1669921875, 0.860107421875, -0.431396484375)|6.98942695043|34 % 
(-0.13720703125, 0.880859375, -0.450439453125)|6.99893649257|34 % 
(-0.080810546875, 0.911376953125, -0.36376953125)|7.0185035281|34 % 
(-0.07421875, 0.91357421875, -0.35107421875)|7.02800279862|34 % 
(-0.087158203125, 0.916259765625, -0.358642578125)|7.03744162462|34 % 
(-0.07666015625, 0.923828125, -0.3515625)|7.04745605624|34 % 
(-0.066650390625, 0.9306640625, -0.3564453125)|7.05701893178|34 % 
(-0.076416015625, 0.9970703125, -0.339599609375)|7.06650042449|34 % 
(-0.0126953125, 0.86962890625, -0.37109375)|7.07606409015|34 % 
(-0.180908203125, 0.854736328125, -0.35205078125)|7.08570163244|34 % 
(-0.098876953125, 0.898193359375, -0.37451171875)|7.10463261784|34 % 
(-0.0869140625, 0.91748046875, -0.35498046875)|7.11414887603|34 % 
(-0.106201171875, 0.916748046875, -0.35986328125)|7.12366710953|34 % 
(-0.108154296875, 0.9091796875, -0.34619140625)|7.13317546648|34 % 
(-0.107421875, 0.916015625, -0.34326171875)|7.14296036697|34 % 
(-0.095703125, 0.92431640625, -0.3486328125)|7.15221864954|34 % 
(-0.0966796875, 0.929931640625, -0.349609375)|7.16172779662|34 % 
(-0.11572265625, 0.91943359375, -0.349609375)|7.17124761037|34 % 
(-0.1162109375, 0.900634765625, -0.3310546875)|7.18080218959|34 % 
(-0.116943359375, 0.91943359375, -0.33935546875)|7.19036467006|34 % 
(-0.113037109375, 0.917236328125, -0.3408203125)|7.19992003941|34 % 
(-0.103759765625, 0.9384765625, -0.33154296875)|7.20939718645|34 % 
(-0.132568359375, 0.923583984375, -0.34423828125)|7.21893556812|34 % 
(-0.123291015625, 0.8994140625, -0.320556640625)|7.22897172816|34 % 
(-0.12841796875, 0.906982421875, -0.328125)|7.23852235677|34 % 
(-0.1220703125, 0.9248046875, -0.337890625)|7.24852967727|34 % 
(-0.120361328125, 0.93505859375, -0.3427734375)|7.25808702193|34 % 
(-0.134521484375, 0.9306640625, -0.337646484375)|7.26757997145|34 % 
(-0.149169921875, 0.904296875, -0.322265625)|7.27711953831|34 % 
(-0.15087890625, 0.90380859375, -0.3125)|7.28662117921|34 % 
(-0.14501953125, 0.908935546875, -0.3212890625)|7.296166672|34 % 
(-0.134033203125, 0.92236328125, -0.3310546875)|7.30613290603|34 % 
(-0.14208984375, 0.92041015625, -0.31982421875)|7.31573173223|34 % 
(-0.1435546875, 0.918212890625, -0.32373046875)|7.32520927432|34 % 
(-0.1455078125, 0.92138671875, -0.32958984375)|7.33472039671|34 % 
(-0.153076171875, 0.904296875, -0.32421875)|7.34422480303|34 % 
(-0.16015625, 0.9091796875, -0.326171875)|7.35379162919|34 % 
(-0.15185546875, 0.911865234375, -0.32080078125)|7.36328141821|34 % 
(-0.1513671875, 0.915771484375, -0.3310546875)|7.37295530622|34 % 
(-0.1474609375, 0.921875, -0.332763671875)|7.3823660828|34 % 
(-0.148681640625, 0.912109375, -0.32763671875)|7.39206130417|34 % 
(-0.162109375, 0.90869140625, -0.326171875)|7.40141993255|34 % 
(-0.150390625, 0.91064453125, -0.32763671875)|7.41100177106|34 % 
(-0.146484375, 0.918212890625, -0.32763671875)|7.42096247423|34 % 
(-0.14794921875, 0.923828125, -0.326171875)|7.43052060901|34 % 
(-0.14599609375, 0.91455078125, -0.333984375)|7.43999696592|34 % 
(-0.153076171875, 0.9248046875, -0.33447265625)|7.44951796486|34 % 
(-0.15625, 0.9189453125, -0.32958984375)|7.4590745194|34 % 
(-0.208251953125, 0.924560546875, -0.259033203125)|7.4685959134|34 % 
(-0.154541015625, 0.89404296875, -0.360595703125)|7.4780963691|34 % 
(-0.11572265625, 0.918212890625, -0.357421875)|7.48770744222|34 % 
(-0.161865234375, 0.917236328125, -0.345703125)|7.49716760158|34 % 
(-0.1513671875, 0.918701171875, -0.336669921875)|7.50667279803|34 % 
(-0.13916015625, 0.918212890625, -0.335205078125)|7.51669908152|34 % 
(-0.14453125, 0.931884765625, -0.33837890625)|7.52668625385|34 % 
(-0.12548828125, 0.929443359375, -0.3203125)|7.53619579599|34 % 
(-0.125, 0.94091796875, -0.290771484375)|7.54576222708|34 % 
(0.089599609375, 0.98486328125, -0.269287109375)|7.56495237328|34 % 
(-0.14599609375, 0.89111328125, -0.26171875)|7.57499011357|34 % 
(-0.123291015625, 0.90283203125, -0.30078125)|7.5845174335|34 % 
(-0.09326171875, 0.894287109375, -0.29931640625)|7.59398312373|34 % 
(-0.110107421875, 0.94482421875, -0.30517578125)|7.60359301167|34 % 
(-0.12841796875, 0.9443359375, -0.3056640625)|7.62258483664|34 % 
(-0.0859375, 0.955322265625, -0.289306640625)|7.63217694678|34 % 
(-0.0771484375, 0.953857421875, -0.28857421875)|7.64161221722|34 % 
(0.017822265625, 0.863037109375, -0.30517578125)|7.65119208043|34 % 
(-0.07861328125, 0.866455078125, -0.2783203125)|7.66075574608|34 % 
(-0.096923828125, 0.85693359375, -0.29345703125)|7.6702581771|34 % 
(-0.088134765625, 0.947998046875, -0.309326171875)|7.68936970592|34 % 
(-0.04052734375, 0.941650390625, -0.359375)|7.69889268017|34 % 
(-0.039306640625, 0.979248046875, -0.3740234375)|7.70836785189|34 % 
(-0.02880859375, 0.973876953125, -0.4033203125)|7.71805833251|34 % 
(-0.033203125, 0.9462890625, -0.4091796875)|7.72746871404|34 % 
(-0.044921875, 0.945556640625, -0.393798828125)|7.73726981207|34 % 
(-0.026123046875, 0.92333984375, -0.36474609375)|7.74678607026|34 % 
(-0.021240234375, 0.9375, -0.349609375)|7.75635052605|34 % 
(0.019287109375, 0.92626953125, -0.302734375)|7.76582727802|34 % 
(0.01953125, 0.89306640625, -0.30126953125)|7.77553553644|34 % 
(-0.018798828125, 0.909912109375, -0.330078125)|7.78498344887|34 % 
(-0.01171875, 0.918212890625, -0.40771484375)|7.79444716379|34 % 
(0.04150390625, 0.931884765625, -0.4208984375)|7.80444974355|34 % 
(-0.00341796875, 0.937255859375, -0.394287109375)|7.81398773016|34 % 
(-0.0419921875, 0.942626953125, -0.3369140625)|7.82353203777|34 % 
(-0.02294921875, 0.93603515625, -0.339599609375)|7.83310913554|34 % 
(-0.060791015625, 0.948486328125, -0.30810546875)|7.85258333146|34 % 
(-0.080322265625, 0.904296875, -0.2646484375)|7.8621774169|34 % 
(-0.0888671875, 0.885009765625, -0.27880859375)|7.8716517985|34 % 
(-0.056884765625, 0.88671875, -0.287841796875)|7.89094150038|34 % 
