

Device Info|Sensor|Firmware Version|Hardware Version
|<YEI3Space WL:12000865>;17Mar2015N37;TSS-WL                  v2.0.0  

Raw Accelerometer Data (X, Y, Z)|Time|Battery
(-0.0205078125, 0.99560546875, -0.004150390625)|2.32678083174|45 % 
(-0.020751953125, 0.994384765625, -0.00830078125)|2.3363413369|45 % 
(-0.019775390625, 0.995849609375, -0.0087890625)|2.3460831756|45 % 
(-0.01953125, 0.990966796875, -0.0087890625)|2.35536792735|45 % 
(-0.016845703125, 0.99365234375, -0.0048828125)|2.36541119851|45 % 
(-0.01904296875, 0.992919921875, -0.00830078125)|2.37493180239|45 % 
(-0.021484375, 0.997314453125, -0.00390625)|2.38494583895|45 % 
(-0.02001953125, 0.996826171875, -0.009765625)|2.39448817125|45 % 
(-0.018310546875, 0.996337890625, -0.00732421875)|2.40431455326|45 % 
(-0.019287109375, 0.993896484375, -0.00537109375)|2.41356730497|45 % 
(-0.01904296875, 0.99560546875, -0.00634765625)|2.42302746433|45 % 
(-0.019775390625, 0.990966796875, -0.00537109375)|2.45234305463|45 % 
(-0.017578125, 0.995361328125, -0.005859375)|2.46218839963|45 % 
(-0.01708984375, 0.99755859375, -0.0087890625)|2.47140322537|45 % 
(-0.019775390625, 0.993896484375, -0.00634765625)|2.4809629404|45 % 
(-0.0166015625, 0.993408203125, -0.0078125)|2.50046360549|45 % 
(-0.021240234375, 0.995849609375, -0.0068359375)|2.50994865377|45 % 
(-0.018310546875, 0.994384765625, -0.01025390625)|2.51960002323|45 % 
(-0.01953125, 0.991455078125, -0.00537109375)|2.52896931828|45 % 
(-0.0185546875, 0.995361328125, -0.00830078125)|2.5385219222|45 % 
(-0.0205078125, 0.996826171875, -0.00390625)|2.54806267425|45 % 
(-0.020751953125, 0.99609375, -0.00732421875)|2.55755562377|45 % 
(-0.01904296875, 0.994873046875, -0.005126953125)|2.56753884548|45 % 
(-0.019775390625, 0.9951171875, -0.0078125)|2.58665551011|45 % 
(-0.021240234375, 0.9912109375, -0.00927734375)|2.61574986558|45 % 
(-0.019775390625, 0.99462890625, -0.0087890625)|2.62576311202|45 % 
(-0.01953125, 0.9912109375, -0.00634765625)|2.65489539346|45 % 
(-0.01806640625, 0.994873046875, -0.00537109375)|2.66434962688|45 % 
(-0.0166015625, 0.99609375, -0.0078125)|2.67387655175|45 % 
(-0.021240234375, 0.99755859375, -0.0087890625)|2.68341098281|45 % 
(-0.01806640625, 0.99658203125, -0.0068359375)|2.69312951284|45 % 
(-0.02001953125, 0.994873046875, -0.00830078125)|2.70240912878|45 % 
(-0.017822265625, 0.994140625, -0.0068359375)|2.71195264626|45 % 
(-0.02099609375, 0.9921875, -0.00537109375)|2.72152579341|45 % 
(-0.02001953125, 0.99462890625, -0.00634765625)|2.73103415036|45 % 
(-0.020751953125, 0.9951171875, -0.012451171875)|2.74051840852|45 % 
(-0.0185546875, 0.998046875, -0.0068359375)|2.75017925947|45 % 
(-0.019287109375, 0.99560546875, -0.0078125)|2.7596157151|45 % 
(-0.020751953125, 0.9921875, -0.0068359375)|2.76965108502|45 % 
(-0.019775390625, 0.993896484375, -0.00390625)|2.77916181234|45 % 
(-0.021728515625, 0.9951171875, -0.00439453125)|2.78868873721|45 % 
(-0.0234375, 0.993896484375, -0.00830078125)|2.79875729235|45 % 
(-0.019287109375, 0.9931640625, -0.00732421875)|2.80879424252|45 % 
(-0.01904296875, 0.994384765625, -0.00732421875)|2.81882645194|45 % 
(-0.020751953125, 0.9990234375, -0.005859375)|2.82833046321|45 % 
(-0.022216796875, 0.9970703125, -0.00830078125)|2.85742758411|45 % 
(-0.019775390625, 0.995849609375, -0.00732421875)|2.86697663247|45 % 
(-0.020263671875, 0.992431640625, -0.009765625)|2.87644785357|45 % 
(-0.017822265625, 1.0, -0.005859375)|2.88593408703|45 % 
(-0.02001953125, 0.99267578125, -0.00927734375)|2.90551178925|45 % 
(-0.02099609375, 0.9912109375, -0.00732421875)|2.9150608376|45 % 
(-0.019287109375, 0.99560546875, -0.00830078125)|2.92514519523|45 % 
(-0.02001953125, 0.995849609375, -0.00634765625)|2.93458402124|45 % 
(-0.022705078125, 0.9931640625, -0.00830078125)|2.94461228003|45 % 
(-0.01953125, 0.997314453125, -0.0087890625)|2.95465871169|45 % 
(-0.020263671875, 0.998779296875, -0.005859375)|2.96465457539|45 % 
(-0.017822265625, 0.99365234375, -0.0087890625)|2.97418940151|45 % 
(-0.01953125, 0.9931640625, -0.0048828125)|2.98401301809|45 % 
(-0.0205078125, 0.9951171875, -0.006103515625)|2.99397056076|45 % 
(-0.017822265625, 0.995361328125, -0.0078125)|3.00381076995|45 % 
(-0.0224609375, 0.9912109375, -0.00732421875)|3.01329937379|45 % 
(-0.0224609375, 0.998779296875, -0.0068359375)|3.02283775546|45 % 
(-0.02001953125, 0.994873046875, -0.00634765625)|3.03238008776|45 % 
(-0.0185546875, 0.995361328125, -0.00732421875)|3.04192637068|45 % 
(-0.019775390625, 0.995849609375, -0.00537109375)|3.05141062883|45 % 
(-0.020751953125, 0.99560546875, -0.0078125)|3.06089528205|45 % 
(-0.021728515625, 0.99609375, -0.0068359375)|3.07043998472|45 % 
(-0.0185546875, 0.990234375, -0.00390625)|3.07993530461|45 % 
(-0.021240234375, 0.999267578125, -0.0078125)|3.09410618561|45 % 
(-0.015625, 0.994873046875, -0.00732421875)|3.11092990925|45 % 
(-0.021728515625, 0.99267578125, -0.0087890625)|3.12042127852|45 % 
(-0.0234375, 0.99365234375, -0.01123046875)|3.12995412933|45 % 
(-0.0224609375, 0.993896484375, -0.00830078125)|3.13954860984|45 % 
(-0.01953125, 0.994384765625, -0.0078125)|3.14922960896|45 % 
(-0.01904296875, 0.993408203125, -0.0068359375)|3.15851831133|45 % 
(-0.0185546875, 0.9951171875, -0.01025390625)|3.16808790292|45 % 
(-0.01904296875, 0.99462890625, -0.00634765625)|3.17801858136|45 % 
(-0.021484375, 0.996826171875, -0.01025390625)|3.18759370381|45 % 
(-0.0224609375, 0.9921875, -0.0078125)|3.21619067598|45 % 
(-0.0185546875, 0.99560546875, -0.0068359375)|3.2256982428|45 % 
(-0.01953125, 0.992919921875, -0.006591796875)|3.23520462444|45 % 
(-0.017578125, 0.99072265625, -0.0078125)|3.26392130045|45 % 
(-0.021240234375, 0.9931640625, -0.00390625)|3.27331903998|45 % 
(-0.020751953125, 0.992431640625, -0.00927734375)|3.28283490311|45 % 
(-0.01904296875, 0.9951171875, -0.0068359375)|3.31143701109|45 % 
(-0.02490234375, 0.992431640625, -0.0068359375)|3.32173944305|45 % 
(-0.01806640625, 0.996826171875, -0.00830078125)|3.3310178738|45 % 
(-0.0224609375, 0.994140625, -0.0068359375)|3.34052346531|45 % 
(-0.017578125, 0.994384765625, -0.0068359375)|3.35012505694|45 % 
(-0.020263671875, 0.9931640625, -0.005859375)|3.36006126625|45 % 
(-0.018310546875, 0.9970703125, -0.00634765625)|3.36957515406|45 % 
(-0.0185546875, 0.994384765625, -0.00537109375)|3.37928262236|45 % 
(-0.01953125, 0.9921875, -0.00830078125)|3.38863137418|45 % 
(-0.01953125, 0.999267578125, -0.0087890625)|3.3981808176|45 % 
(-0.019287109375, 0.99462890625, -0.00830078125)|3.40770892766|45 % 
(-0.021240234375, 0.98974609375, -0.0068359375)|3.4172172846|45 % 
(-0.017822265625, 0.995849609375, -0.0078125)|3.42676870333|45 % 
(-0.0185546875, 0.992919921875, -0.00732421875)|3.4364283691|45 % 
(-0.021484375, 0.9970703125, -0.00830078125)|3.45539570022|45 % 
(-0.019287109375, 0.993896484375, -0.009765625)|3.47441201906|45 % 
(-0.016845703125, 0.995361328125, -0.0068359375)|3.48394249949|45 % 
(-0.019775390625, 0.9931640625, -0.0087890625)|3.51302105247|45 % 
(-0.01611328125, 0.998046875, -0.0068359375)|3.52251400199|45 % 
(-0.01806640625, 0.994873046875, -0.00634765625)|3.53203144537|45 % 
(-0.0166015625, 0.995849609375, -0.0087890625)|3.54155560481|45 % 
(-0.02197265625, 0.991943359375, -0.0078125)|3.5517083082|45 % 
(-0.01904296875, 0.995849609375, -0.005859375)|3.59019092171|45 % 
(-0.02099609375, 0.994140625, -0.00927734375)|3.59976248861|45 % 
(-0.020751953125, 0.99365234375, -0.00634765625)|3.60934551231|45 % 
(-0.01904296875, 0.992919921875, -0.00390625)|3.61879460993|45 % 
(-0.0185546875, 1.000244140625, -0.00634765625)|3.62834010272|45 % 
(-0.01806640625, 0.992431640625, -0.0068359375)|3.63785636092|45 % 
(-0.021240234375, 0.994384765625, -0.00390625)|3.6473560265|45 % 
(-0.017822265625, 0.990478515625, -0.001708984375)|3.65688690199|45 % 
(-0.02099609375, 0.995849609375, -0.0048828125)|3.66654775295|45 % 
(-0.020263671875, 0.99462890625, -0.009765625)|3.67594351717|45 % 
(-0.01904296875, 0.9921875, -0.00537109375)|3.6854822939|45 % 
(-0.023193359375, 1.00048828125, -0.00830078125)|3.69499460148|45 % 
(-0.01708984375, 0.98779296875, -0.0078125)|3.70450690905|45 % 
(-0.017578125, 0.995361328125, -0.0068359375)|3.71411837723|45 % 
(-0.02099609375, 0.996337890625, -0.00732421875)|3.72442357463|45 % 
(-0.019775390625, 0.987548828125, -0.0068359375)|3.73364353617|45 % 
(-0.020263671875, 0.9912109375, -0.0048828125)|3.74318112772|45 % 
(-0.021240234375, 0.994384765625, -0.00439453125)|3.75269659579|45 % 
(-0.01904296875, 0.990966796875, -0.00830078125)|3.76222470585|45 % 
(-0.0205078125, 0.998046875, -0.00634765625)|3.77177849495|45 % 
(-0.019775390625, 0.9921875, -0.0087890625)|3.78130581488|45 % 
(-0.019287109375, 0.996826171875, -0.005859375)|3.79077348042|45 % 
(-0.018798828125, 0.9970703125, -0.005859375)|3.80038731898|45 % 
(-0.021240234375, 0.994140625, -0.00634765625)|3.80981152768|45 % 
(-0.01806640625, 0.993896484375, -0.00634765625)|3.81945025515|45 % 
(-0.017578125, 0.9970703125, -0.00830078125)|3.82889974783|45 % 
(-0.0185546875, 0.998291015625, -0.0078125)|3.84792554816|45 % 
(-0.019775390625, 0.995361328125, -0.0087890625)|3.85747854714|45 % 
(-0.021240234375, 0.996826171875, -0.009765625)|3.86700744732|45 % 
(-0.0185546875, 0.996337890625, -0.0087890625)|3.87650908821|45 % 
(-0.020751953125, 0.995849609375, -0.005859375)|3.88607591436|45 % 
(-0.020751953125, 0.997802734375, -0.00732421875)|3.89580195058|45 % 
(-0.016357421875, 0.996826171875, -0.0078125)|3.90510882581|45 % 
(-0.0185546875, 0.996337890625, -0.0068359375)|3.91469263964|45 % 
(-0.022216796875, 0.997314453125, -0.005615234375)|3.92425749048|45 % 
(-0.01708984375, 0.99658203125, -0.004150390625)|3.93377374867|45 % 
(-0.017333984375, 0.9970703125, -0.00634765625)|3.94330343898|45 % 
(-0.020263671875, 0.998779296875, -0.01025390625)|3.95292043803|45 % 
(-0.0185546875, 0.992431640625, -0.0068359375)|3.96281753618|45 % 
(-0.020263671875, 0.998779296875, -0.00732421875)|3.97276283192|45 % 
(-0.019775390625, 0.992919921875, -0.00927734375)|3.98228659629|45 % 
(-0.018798828125, 0.99560546875, -0.0068359375)|3.9918131261|45 % 
(-0.017578125, 0.9951171875, -0.00634765625)|4.0013199028|45 % 
(-0.0185546875, 0.996826171875, -0.0068359375)|4.01087882771|45 % 
(-0.018310546875, 0.9921875, -0.0087890625)|4.02044170324|45 % 
(-0.0224609375, 0.99560546875, -0.0078125)|4.02995796143|45 % 
(-0.021240234375, 0.995849609375, -0.00634765625)|4.03945170108|45 % 
(-0.01806640625, 0.995361328125, -0.0068359375)|4.04943492279|45 % 
(-0.021484375, 0.992431640625, -0.0048828125)|4.0590554774|45 % 
(-0.020751953125, 0.994384765625, -0.00634765625)|4.06873252591|45 % 
(-0.021728515625, 0.994140625, -0.00341796875)|4.0780480925|45 % 
(-0.018310546875, 0.997314453125, -0.00927734375)|4.08801709197|45 % 
(-0.020263671875, 0.996826171875, -0.00537109375)|4.09756574526|45 % 
(-0.01953125, 0.991455078125, -0.0068359375)|4.10712269486|45 % 
(-0.022216796875, 0.9921875, -0.005859375)|4.1167764347|45 % 
(-0.01953125, 0.99267578125, -0.0068359375)|4.12650444623|45 % 
(-0.019775390625, 0.9931640625, -0.00634765625)|4.13587650672|45 % 
(-0.018798828125, 0.99609375, -0.01025390625)|4.16481678793|45 % 
(-0.018310546875, 0.99267578125, -0.0048828125)|4.17441679931|45 % 
(-0.01806640625, 0.99462890625, -0.005859375)|4.18393700812|45 % 
(-0.0185546875, 0.99169921875, -0.0078125)|4.19341099466|45 % 
(-0.021728515625, 0.99560546875, -0.0078125)|4.20294226522|45 % 
(-0.017578125, 0.990478515625, -0.005859375)|4.2124826222|45 % 
(-0.01953125, 0.99853515625, -0.005859375)|4.22198189272|45 % 
(-0.019287109375, 0.994873046875, -0.0087890625)|4.231543188|45 % 
(-0.019775390625, 0.992431640625, -0.00830078125)|4.24105944619|45 % 
(-0.018798828125, 0.9951171875, -0.00830078125)|4.27057493797|45 % 
(-0.018310546875, 0.994384765625, -0.00537109375)|4.280045764|45 % 
(-0.0185546875, 0.9970703125, -0.005859375)|4.28959718273|45 % 
(-0.02197265625, 0.994140625, -0.005859375)|4.29989447889|45 % 
(-0.02001953125, 0.99169921875, -0.00732421875)|4.30968174975|45 % 
(-0.01611328125, 0.995361328125, -0.00732421875)|4.31961756399|45 % 
(-0.018798828125, 0.9921875, -0.00732421875)|4.32915910616|45 % 
(-0.01904296875, 0.998291015625, -0.00830078125)|4.33874371012|45 % 
(-0.019775390625, 0.993896484375, -0.0078125)|4.34878974671|45 % 
(-0.018798828125, 0.99853515625, -0.006103515625)|4.40611248132|45 % 
(-0.019775390625, 0.99853515625, -0.0068359375)|4.41562518395|45 % 
(-0.01904296875, 0.996826171875, -0.01025390625)|4.42508455319|45 % 
(-0.02001953125, 0.9931640625, -0.00634765625)|4.43507844157|45 % 
(-0.017578125, 0.99658203125, -0.005859375)|4.44462195906|45 % 
(-0.0205078125, 0.995361328125, -0.00634765625)|4.45462414375|45 % 
(-0.021484375, 0.989501953125, -0.00634765625)|4.46417200692|45 % 
(-0.02001953125, 0.995361328125, -0.0078125)|4.47433379674|45 % 
(-0.02197265625, 0.994873046875, -0.0078125)|4.48370901773|45 % 
(-0.02099609375, 0.99853515625, -0.00830078125)|4.49322962161|45 % 
(-0.019775390625, 0.994873046875, -0.009765625)|4.5027636576|45 % 
(-0.01708984375, 0.99560546875, -0.0068359375)|4.51254618771|45 % 
(-0.020751953125, 0.99658203125, -0.00732421875)|4.52259736012|45 % 
(-0.020263671875, 0.996337890625, -0.005859375)|4.53267263132|45 % 
(-0.020751953125, 0.993408203125, -0.00634765625)|4.54264953203|45 % 
(-0.01904296875, 0.994873046875, -0.0078125)|4.55263117349|45 % 
(-0.01806640625, 0.99365234375, -0.0078125)|4.56220669101|45 % 
(-0.020751953125, 0.999267578125, -0.00830078125)|4.57167001087|45 % 
(-0.020263671875, 0.990966796875, -0.00732421875)|4.58121273823|45 % 
(-0.018798828125, 0.99609375, -0.002685546875)|4.59089610773|45 % 
(-0.02099609375, 0.996826171875, -0.005859375)|4.60029384726|45 % 
(-0.0185546875, 0.99365234375, -0.00634765625)|4.61030551345|45 % 
(-0.02001953125, 0.9951171875, -0.0078125)|4.61983836425|45 % 
(-0.02001953125, 0.995361328125, -0.005126953125)|4.62935264713|45 % 
(-0.0205078125, 0.9951171875, -0.00537109375)|4.63892539922|45 % 
(-0.025390625, 0.996337890625, -0.0078125)|4.67701650609|45 % 
(-0.01708984375, 0.9931640625, -0.0068359375)|4.68653315935|45 % 
(-0.01953125, 0.995361328125, -0.0087890625)|4.6960529731|45 % 
(-0.021240234375, 0.994384765625, -0.00439453125)|4.70575214509|45 % 
(-0.02001953125, 0.9951171875, -0.0087890625)|4.71559314441|45 % 
(-0.019287109375, 0.997802734375, -0.005126953125)|4.72562258839|45 % 
(-0.02392578125, 0.99658203125, -0.009521484375)|4.73561924222|45 % 
(-0.018310546875, 0.993896484375, -0.005859375)|4.74513668559|45 % 
(-0.01904296875, 0.995849609375, -0.00634765625)|4.75471615374|45 % 
(-0.0205078125, 0.996337890625, -0.0087890625)|4.7647772027|45 % 
(-0.018798828125, 0.99658203125, -0.004638671875)|4.77430768313|45 % 
(-0.0185546875, 0.994384765625, -0.009765625)|4.78425218874|45 % 
(-0.021240234375, 0.9951171875, -0.01025390625)|4.80364539691|45 % 
(-0.0166015625, 0.999755859375, -0.005859375)|4.81368511252|45 % 
(-0.019287109375, 0.995849609375, -0.0087890625)|4.82379633438|45 % 
(-0.018798828125, 0.992919921875, -0.00830078125)|4.83321619739|45 % 
(-0.0185546875, 0.998046875, -0.0087890625)|4.85230797311|45 % 
(-0.01904296875, 0.993896484375, -0.00927734375)|4.86225287378|45 % 
(-0.01953125, 0.995361328125, -0.00927734375)|4.89141794538|45 % 
(-0.01953125, 0.9990234375, -0.007568359375)|4.90139682141|45 % 
(-0.01953125, 0.99365234375, -0.0048828125)|4.91088424006|45 % 
(-0.0224609375, 0.992919921875, -0.00732421875)|4.92997838615|45 % 
(-0.0185546875, 0.9970703125, -0.00830078125)|4.93966847171|45 % 
(-0.01806640625, 0.99365234375, -0.00927734375)|4.94898482843|45 % 
(-0.0205078125, 0.9931640625, -0.005859375)|4.97831108541|45 % 
(-0.02099609375, 0.994873046875, -0.0078125)|4.9974103673|45 % 
(-0.01806640625, 0.99267578125, -0.00732421875)|5.00691279832|45 % 
(-0.0205078125, 0.993408203125, -0.0078125)|5.01695448923|45 % 
(-0.020751953125, 0.995361328125, -0.004150390625)|5.02649721659|45 % 
(-0.02099609375, 0.993896484375, -0.003662109375)|5.03649229016|45 % 
(-0.01708984375, 0.994873046875, -0.0068359375)|5.04602909159|45 % 
(-0.021728515625, 0.996826171875, -0.0107421875)|5.05589181933|45 % 
(-0.021240234375, 0.9990234375, -0.001708984375)|5.065430201|45 % 
(-0.02197265625, 0.994384765625, -0.0078125)|5.0754260647|45 % 
(-0.0224609375, 0.992919921875, -0.00732421875)|5.0850007921|45 % 
(-0.01806640625, 0.99560546875, -0.00634765625)|5.09457038369|45 % 
(-0.021240234375, 0.990966796875, -0.0048828125)|5.11369218413|45 % 
(-0.01953125, 0.994873046875, -0.0048828125)|5.12356162792|45 % 
(-0.02197265625, 0.99169921875, -0.00390625)|5.13359423241|45 % 
(-0.017822265625, 0.99462890625, -0.0068359375)|5.14315631781|45 % 
(-0.019287109375, 0.999267578125, -0.00732421875)|5.153002848|45 % 
(-0.02294921875, 0.9951171875, -0.00537109375)|5.16263327917|45 % 
(-0.017578125, 0.993896484375, -0.009765625)|5.17205985824|45 % 
(-0.021484375, 0.99560546875, -0.00341796875)|5.1910979055|45 % 
(-0.01708984375, 0.9931640625, -0.00439453125)|5.20061692913|45 % 
(-0.02001953125, 0.9951171875, -0.005859375)|5.2106412373|45 % 
(-0.021728515625, 0.9921875, -0.00634765625)|5.22029813764|45 % 
(-0.017578125, 0.994384765625, -0.00634765625)|5.22970417348|45 % 
(-0.01904296875, 0.99267578125, -0.0078125)|5.23923307366|45 % 
(-0.020751953125, 0.989013671875, -0.00537109375)|5.24879041832|45 % 
(-0.0166015625, 0.997314453125, -0.0068359375)|5.26827765129|45 % 
(-0.0205078125, 0.9990234375, -0.00732421875)|5.2778689713|45 % 
(-0.017333984375, 0.99560546875, -0.0068359375)|5.28733347635|45 % 
(-0.0205078125, 1.00048828125, -0.0078125)|5.29692874698|45 % 
(-0.0205078125, 0.994384765625, -0.00634765625)|5.30686416616|45 % 
(-0.01953125, 0.99267578125, -0.00390625)|5.31639464659|45 % 
(-0.01904296875, 0.9931640625, -0.001953125)|5.3263778683|45 % 
(-0.019775390625, 0.991943359375, -0.00927734375)|5.33606518842|45 % 
(-0.01708984375, 0.99609375, -0.00927734375)|5.34539181676|45 % 
(-0.022705078125, 0.995361328125, -0.0068359375)|5.35497207503|45 % 
(-0.020263671875, 0.995849609375, -0.00390625)|5.36448003691|45 % 
(-0.017578125, 0.9931640625, -0.005859375)|5.37403935689|45 % 
(-0.01904296875, 0.993896484375, -0.0048828125)|5.3835157138|45 % 
(-0.02197265625, 0.995849609375, -0.00732421875)|5.39312560173|45 % 
(-0.020751953125, 0.9921875, -0.00537109375)|5.40251385977|45 % 
(-0.01611328125, 0.994384765625, -0.005126953125)|5.41211387115|45 % 
(-0.01806640625, 0.99658203125, -0.00732421875)|5.42157837619|45 % 
(-0.01708984375, 0.995849609375, -0.00927734375)|5.43115626409|45 % 
(-0.02001953125, 0.990966796875, -0.00634765625)|5.44063696668|45 % 
(-0.018310546875, 0.993896484375, -0.00634765625)|5.45026463241|45 % 
(-0.0205078125, 0.9990234375, -0.0068359375)|5.45973150783|45 % 
(-0.0205078125, 0.996826171875, -0.0078125)|5.46969932211|45 % 
(-0.01904296875, 0.992431640625, -0.00439453125)|5.47927286432|45 % 
(-0.0205078125, 0.995361328125, -0.0048828125)|5.48881519662|45 % 
(-0.01953125, 0.993408203125, -0.009765625)|5.49835950423|45 % 
(-0.0185546875, 0.99658203125, -0.00830078125)|5.50830954071|45 % 
(-0.017578125, 0.992919921875, -0.00537109375)|5.51795142868|45 % 
(-0.021240234375, 0.9931640625, -0.0068359375)|5.5274297609|45 % 
(-0.019287109375, 0.99169921875, -0.005859375)|5.53694996972|45 % 
(-0.01904296875, 0.99560546875, -0.00537109375)|5.54646583285|45 % 
(-0.02001953125, 0.991943359375, -0.0107421875)|5.55646209161|45 % 
(-0.01806640625, 0.994384765625, -0.00830078125)|5.56668393088|45 % 
(-0.020263671875, 0.989013671875, -0.00439453125)|5.57605243582|45 % 
(-0.02099609375, 0.987548828125, -0.00634765625)|5.58557264463|45 % 
(-0.020263671875, 0.99560546875, -0.0078125)|5.59509403863|45 % 
(-0.018310546875, 0.997314453125, -0.0087890625)|5.60460753139|45 % 
(-0.019775390625, 0.994384765625, -0.00732421875)|5.61414077725|45 % 
(-0.01806640625, 0.997314453125, -0.00634765625)|5.6527735144|45 % 
(-0.021240234375, 0.9970703125, -0.005859375)|5.66225066143|45 % 
(-0.017822265625, 0.994873046875, -0.00927734375)|5.67184000613|45 % 
(-0.0205078125, 0.997314453125, -0.0068359375)|5.68137364706|45 % 
(-0.021728515625, 0.9921875, -0.009765625)|5.69089978181|45 % 
(-0.0166015625, 0.992431640625, -0.00830078125)|5.70041841037|45 % 
(-0.018310546875, 0.994384765625, -0.00634765625)|5.70990780434|45 % 
(-0.017822265625, 0.99169921875, -0.005859375)|5.71944263045|45 % 
(-0.020263671875, 0.99560546875, -0.00830078125)|5.72897350594|45 % 
(-0.0185546875, 0.996826171875, -0.0087890625)|5.73864186308|45 % 
(-0.020751953125, 0.99609375, -0.01025390625)|5.74807792365|45 % 
(-0.021484375, 0.99560546875, -0.0048828125)|5.75755744106|45 % 
(-0.020751953125, 0.995849609375, -0.00830078125)|5.76707093381|45 % 
(-0.01953125, 0.9921875, -0.005859375)|5.77656190802|45 % 
(-0.020751953125, 0.9921875, -0.00634765625)|5.78613149961|45 % 
(-0.01904296875, 0.993408203125, -0.0068359375)|5.79565802942|45 % 
(-0.0185546875, 0.99365234375, -0.00732421875)|5.80563453507|45 % 
(-0.01806640625, 0.994873046875, -0.00732421875)|5.81568926304|45 % 
(-0.021484375, 0.99169921875, -0.00634765625)|5.82558083032|45 % 
(-0.020263671875, 0.98974609375, -0.00732421875)|5.83520731086|45 % 
(-0.021240234375, 0.995361328125, -0.00830078125)|5.84513324855|45 % 
(-0.021240234375, 0.996826171875, -0.0087890625)|5.85478343283|45 % 
(-0.01904296875, 0.9970703125, -0.005126953125)|5.87372706022|45 % 
(-0.0205078125, 0.99560546875, -0.00830078125)|5.88368223251|45 % 
(-0.0205078125, 0.99560546875, -0.0068359375)|5.89328026858|45 % 
(-0.021240234375, 0.99365234375, -0.00732421875)|5.90273015632|45 % 
(-0.023193359375, 1.0009765625, -0.0068359375)|5.91237559985|45 % 
(-0.020751953125, 0.99560546875, -0.00244140625)|5.92180533942|45 % 
(-0.0185546875, 0.990966796875, -0.00537109375)|5.93130540007|45 % 
(-0.01708984375, 0.9931640625, -0.005859375)|5.94127321435|45 % 
(-0.017822265625, 0.994384765625, -0.005859375)|5.95080685528|45 % 
(-0.021484375, 0.989013671875, -0.0078125)|5.96032390359|45 % 
(-0.01953125, 0.99365234375, -0.00732421875)|5.96991008779|45 % 
(-0.020751953125, 0.9951171875, -0.0068359375)|5.97935918541|45 % 
(-0.015380859375, 0.993408203125, -0.00732421875)|5.98893944368|45 % 
(-0.019287109375, 0.994384765625, -0.00634765625)|5.99891397402|45 % 
(-0.021484375, 0.993896484375, -0.0078125)|6.00845472607|45 % 
(-0.0185546875, 0.99560546875, -0.00830078125)|6.01796940401|45 % 
(-0.020751953125, 0.998046875, -0.00830078125)|6.02768793405|45 % 
(-0.0205078125, 0.99658203125, -0.00732421875)|6.0370813279|45 % 
(-0.01904296875, 0.99365234375, -0.0048828125)|6.04661338858|45 % 
(-0.02294921875, 0.992919921875, -0.006103515625)|6.056480462|45 % 
(-0.020751953125, 0.99072265625, -0.00390625)|6.06600462144|45 % 
(-0.01904296875, 0.997802734375, -0.00439453125)|6.07557144759|45 % 
(-0.0224609375, 0.998291015625, -0.0087890625)|6.08507782923|45 % 
(-0.017578125, 0.9951171875, -0.01025390625)|6.09460001335|45 % 
(-0.020263671875, 0.995361328125, -0.009765625)|6.10411271599|45 % 
(-0.01904296875, 0.99169921875, -0.00732421875)|6.11362344331|45 % 
(-0.01806640625, 0.994873046875, -0.0068359375)|6.12317644228|45 % 
(-0.021484375, 0.993896484375, -0.00537109375)|6.13271363877|45 % 
(-0.01708984375, 0.9970703125, -0.00634765625)|6.14218999568|45 % 
(-0.019775390625, 0.994384765625, -0.00927734375)|6.15174892059|45 % 
(-0.0244140625, 0.995849609375, -0.00732421875)|6.16123396887|45 % 
(-0.0166015625, 0.994140625, -0.004150390625)|6.170743511|45 % 
(-0.019775390625, 0.99755859375, -0.00537109375)|6.18029967048|45 % 
(-0.0166015625, 0.995849609375, -0.0087890625)|6.18984674352|45 % 
(-0.01904296875, 0.99462890625, -0.0068359375)|6.19939500175|45 % 
(-0.02099609375, 0.99462890625, -0.0068359375)|6.20892666737|45 % 
(-0.019775390625, 0.989501953125, -0.0068359375)|6.21844845643|45 % 
(-0.01708984375, 0.9931640625, -0.006591796875)|6.22842219665|45 % 
(-0.017578125, 0.9970703125, -0.00537109375)|6.2379890228|45 % 
(-0.020751953125, 0.9892578125, -0.0078125)|6.24745234266|45 % 
(-0.016845703125, 0.991455078125, -0.004150390625)|6.25701916881|45 % 
(-0.019287109375, 0.994384765625, -0.00244140625)|6.26653582207|45 % 
(-0.019287109375, 0.99853515625, -0.0087890625)|6.27605879632|45 % 
(-0.0185546875, 0.989990234375, -0.00390625)|6.28600685749|45 % 
(-0.020263671875, 1.000244140625, -0.0048828125)|6.29556341203|45 % 
(-0.01806640625, 0.99267578125, -0.00634765625)|6.30558455971|45 % 
(-0.01953125, 0.997314453125, -0.005859375)|6.32463919957|45 % 
(-0.018310546875, 0.994140625, -0.0078125)|6.33460503854|45 % 
(-0.01953125, 0.992919921875, -0.00341796875)|6.34417779063|45 % 
(-0.019287109375, 0.99560546875, -0.0078125)|6.35374185135|45 % 
(-0.021728515625, 0.9921875, -0.0068359375)|6.3637863077|45 % 
(-0.021484375, 0.998046875, -0.00634765625)|6.37384577641|45 % 
(-0.02099609375, 0.9912109375, -0.00634765625)|6.3832889481|45 % 
(-0.021484375, 0.99658203125, -0.005859375)|6.39282298409|45 % 
(-0.021484375, 0.999267578125, -0.00634765625)|6.40233568672|45 % 
(-0.01904296875, 0.99755859375, -0.01025390625)|6.41183811773|45 % 
(-0.01904296875, 0.9951171875, -0.0068359375)|6.42133185738|45 % 
(-0.019287109375, 0.998779296875, -0.00732421875)|6.43103458493|45 % 
(-0.0205078125, 0.993896484375, -0.00927734375)|6.44037820094|45 % 
(-0.01904296875, 0.993408203125, -0.005859375)|6.449982558|45 % 
(-0.02001953125, 0.99853515625, -0.00390625)|6.46905379048|45 % 
(-0.017578125, 0.993896484375, -0.00830078125)|6.47854002395|45 % 
(-0.02099609375, 0.997314453125, -0.0068359375)|6.4882249737|45 % 
(-0.019287109375, 0.99853515625, -0.0048828125)|6.49762310829|45 % 
(-0.0224609375, 0.99658203125, -0.00537109375)|6.50739339148|45 % 
(-0.018310546875, 0.998291015625, -0.0087890625)|6.51689740274|45 % 
(-0.02197265625, 0.99365234375, -0.0068359375)|6.52642432761|45 % 
(-0.017578125, 0.9931640625, -0.009765625)|6.5359856229|45 % 
(-0.020263671875, 0.993896484375, -0.00732421875)|6.54556311573|45 % 
(-0.020263671875, 0.9990234375, -0.00732421875)|6.5550284109|45 % 
(-0.01806640625, 0.992919921875, -0.00830078125)|6.56451701474|45 % 
(-0.018310546875, 1.000244140625, -0.0087890625)|6.57408502608|45 % 
(-0.01904296875, 0.995849609375, -0.00634765625)|6.58358232128|45 % 
(-0.020751953125, 0.99267578125, -0.0078125)|6.59353551826|45 % 
(-0.01611328125, 0.994384765625, -0.005859375)|6.62216014478|45 % 
(-0.01806640625, 0.9951171875, -0.0048828125)|6.63165427949|45 % 
(-0.017578125, 0.991455078125, -0.00732421875)|6.64121083403|45 % 
(-0.020263671875, 0.9951171875, -0.0068359375)|6.66049381984|45 % 
(-0.018310546875, 0.99755859375, -0.0087890625)|6.66975210242|45 % 
(-0.019775390625, 0.9970703125, -0.005859375)|6.67929561991|45 % 
(-0.021240234375, 0.99365234375, -0.00634765625)|6.69882393935|45 % 
(-0.020751953125, 0.9921875, -0.00732421875)|6.70834138273|45 % 
(-0.019287109375, 0.997802734375, -0.0078125)|6.7178536903|45 % 
(-0.017578125, 0.994384765625, -0.0068359375)|6.72784244287|45 % 
(-0.0205078125, 0.9970703125, -0.00732421875)|6.7373855653|45 % 
(-0.0234375, 0.994384765625, -0.0068359375)|6.74700770016|45 % 
(-0.015869140625, 0.992431640625, -0.0078125)|6.75700632929|45 % 
(-0.019287109375, 0.995361328125, -0.00537109375)|6.76649888375|45 % 
(-0.021484375, 0.994384765625, -0.0068359375)|6.77606768522|45 % 
(-0.019287109375, 0.995849609375, -0.0107421875)|6.78605051186|45 % 
(-0.020263671875, 0.990478515625, -0.0048828125)|6.7955829676|45 % 
(-0.01953125, 0.994873046875, -0.00537109375)|6.80511581841|45 % 
(-0.021240234375, 0.996826171875, -0.00830078125)|6.81514644758|45 % 
(-0.020751953125, 0.99609375, -0.0078125)|6.84424119811|45 % 
(-0.021240234375, 0.99755859375, -0.0078125)|6.85424061737|45 % 
(-0.018798828125, 0.995361328125, -0.00341796875)|6.8637951966|45 % 
(-0.01953125, 0.994873046875, -0.0078125)|6.8733102696|45 % 
(-0.01708984375, 0.989990234375, -0.005859375)|6.88281230556|45 % 
(-0.0205078125, 0.99755859375, -0.004638671875)|6.89297765094|45 % 
(-0.020263671875, 0.997314453125, -0.005126953125)|6.92193887045|45 % 
(-0.020263671875, 0.994873046875, -0.0078125)|6.93144880764|45 % 
(-0.02197265625, 0.98828125, -0.00634765625)|6.94144269603|45 % 
(-0.021728515625, 0.9931640625, -0.00439453125)|6.95156339938|45 % 
(-0.0166015625, 0.992431640625, -0.00732421875)|6.97109527438|45 % 
(-0.019287109375, 0.9951171875, -0.00634765625)|6.98057755723|45 % 
(-0.019775390625, 0.99951171875, -0.00732421875)|6.99057500118|45 % 
(-0.021728515625, 0.993896484375, -0.005615234375)|7.00016316069|45 % 
(-0.020751953125, 0.99609375, -0.0078125)|7.00972524609|45 % 
(-0.021240234375, 1.0, -0.00732421875)|7.01922649192|45 % 
(-0.0244140625, 0.995361328125, -0.005615234375)|7.02914768887|45 % 
(-0.0185546875, 0.996826171875, -0.01025390625)|7.03872755207|45 % 
(-0.021484375, 0.99267578125, -0.00634765625)|7.04831650171|45 % 
(-0.019287109375, 0.996337890625, -0.0048828125)|7.05822545172|45 % 
(-0.0205078125, 0.989990234375, -0.00830078125)|7.06784995696|45 % 
(-0.017333984375, 1.00146484375, -0.0078125)|7.07728443728|45 % 
(-0.02001953125, 0.9951171875, -0.0107421875)|7.08727200467|45 % 
(-0.02001953125, 0.99267578125, -0.00732421875)|7.09684001601|45 % 
(-0.02001953125, 0.989013671875, -0.005859375)|7.10636496557|45 % 
(-0.017578125, 0.995361328125, -0.00830078125)|7.11586028546|45 % 
(-0.020263671875, 0.991943359375, -0.009765625)|7.12542474124|45 % 
(-0.022705078125, 0.991943359375, -0.0068359375)|7.13512746879|45 % 
(-0.02099609375, 0.9931640625, -0.00927734375)|7.14460224545|45 % 
(-0.020263671875, 0.990966796875, -0.0068359375)|7.15412640489|45 % 
(-0.020263671875, 0.998046875, -0.00927734375)|7.16366913225|45 % 
(-0.020263671875, 0.991943359375, -0.00537109375)|7.17316326696|45 % 
(-0.0185546875, 0.993896484375, -0.00732421875)|7.18278105614|45 % 
(-0.021240234375, 0.990478515625, -0.0078125)|7.19226649948|45 % 
(-0.019287109375, 0.9970703125, -0.00732421875)|7.20184004169|45 % 
(-0.017578125, 0.98974609375, -0.00732421875)|7.21180153497|45 % 
(-0.020263671875, 0.991943359375, -0.0048828125)|7.22129013881|45 % 
(-0.0234375, 0.993408203125, -0.00634765625)|7.2308273353|45 % 
(-0.020751953125, 0.9970703125, -0.00537109375)|7.2404312973|45 % 
(-0.017822265625, 0.99609375, -0.00732421875)|7.24990172828|45 % 
(-0.01904296875, 0.994384765625, -0.0048828125)|7.2599161599|45 % 
(-0.017822265625, 0.99951171875, -0.00927734375)|7.26948377618|45 % 
(-0.0185546875, 0.993408203125, -0.0048828125)|7.27899094794|45 % 
(-0.01953125, 0.993896484375, -0.01025390625)|7.28851629256|45 % 
(-0.0185546875, 0.99267578125, -0.00634765625)|7.29831304491|45 % 
(-0.019287109375, 0.9970703125, -0.0078125)|7.30796915512|45 % 
(-0.020751953125, 0.992919921875, -0.00439453125)|7.31755731464|45 % 
