

301992023 17Mar2015N37 TSS-WL                  v2.0.0  

            Raw Accelerometer Data                     Time            Battery
(-0.089111328125, 0.83154296875, 0.041015625)   2.90726072959     26 % 
(0.11279296875, 1.07958984375, -0.21240234375)   2.91667150618     26 % 
(0.111572265625, 1.336669921875, -0.31103515625)   2.92624978914     26 % 
(0.05908203125, 1.7177734375, -0.64794921875)   2.93584505977     26 % 
(0.07958984375, 0.439697265625, -0.15478515625)   2.94528507096     26 % 
(0.13037109375, 1.13525390625, -0.256103515625)   2.9548143662     26 % 
(0.06689453125, 0.78466796875, -0.34423828125)   2.96433615526     26 % 
(0.1279296875, 0.9306640625, -0.12841796875)   2.97386268507     26 % 
(-0.021484375, 1.256103515625, -0.38232421875)   2.98342674579     26 % 
(0.042724609375, 0.99462890625, -0.23095703125)   2.99344986878     26 % 
(0.0263671875, 1.087646484375, -0.1220703125)   3.00294084299     26 % 
(0.04833984375, 0.937744140625, -0.2109375)   3.01246776786     26 % 
(0.034912109375, 1.00048828125, -0.123046875)   3.02197691494     26 % 
(0.0166015625, 1.27978515625, -0.2373046875)   3.03149672869     26 % 
(0.02294921875, 1.0986328125, -0.19384765625)   3.04104064123     26 % 
(0.042724609375, 0.762451171875, -0.139404296875)   3.05095749249     26 % 
(0.0283203125, 0.92431640625, -0.17822265625)   3.06041962716     26 % 
(0.024169921875, 1.0859375, -0.184814453125)   3.06993509523     26 % 
(0.05908203125, 0.914306640625, -0.1884765625)   3.07949678558     26 % 
(0.0380859375, 0.94482421875, -0.204833984375)   3.08901857464     26 % 
(0.014404296875, 0.958984375, -0.0166015625)   3.09853404271     26 % 
(-0.001220703125, 0.963623046875, -0.02783203125)   3.10808822687     26 % 
(0.0, 0.978271484375, -0.02197265625)   3.11752389237     26 % 
(-0.00146484375, 0.967529296875, -0.025634765625)   3.1270930889     26 % 
(-0.00634765625, 0.971923828125, -0.02587890625)   3.13664490269     26 % 
(-0.0048828125, 0.974853515625, -0.02783203125)   3.14618763005     26 % 
(-0.001953125, 0.9775390625, -0.022705078125)   3.15567702401     26 % 
(-0.0048828125, 0.976806640625, -0.022705078125)   3.16546666524     26 % 
(-0.0009765625, 0.977783203125, -0.02734375)   3.17476405898     26 % 
(-0.042724609375, 0.941650390625, -0.809326171875)   3.1841985393     26 % 
(0.28515625, 0.561279296875, -0.621337890625)   3.1937784025     26 % 
(1.448974609375, 0.64599609375, -0.512939453125)   3.20327806808     26 % 
(0.457763671875, 0.97265625, 0.0068359375)   3.2128745239     26 % 
(0.0849609375, 1.29638671875, 0.205322265625)   3.22254762178     26 % 
(0.205078125, 0.92919921875, 0.182373046875)   3.23185133652     26 % 
(0.460205078125, 0.7275390625, 0.4189453125)   3.24188552125     26 % 
(0.726318359375, 1.367919921875, 0.162841796875)   3.25143931035     26 % 
(-0.04541015625, 1.192138671875, -0.521728515625)   3.26096505003     26 % 
(-0.26220703125, 0.92919921875, -0.239501953125)   3.27051804901     26 % 
(-0.41015625, 1.094482421875, -0.45751953125)   3.28011252952     26 % 
(-0.314453125, 0.724365234375, -0.135498046875)   3.28957426913     26 % 
(-0.36767578125, 0.6328125, -0.343505859375)   3.29910593474     26 % 
(-0.21337890625, 0.69677734375, -0.246826171875)   3.30869606957     26 % 
(-0.17578125, 0.75732421875, -0.344970703125)   3.31813331532     26 % 
(-0.256103515625, 1.078369140625, -0.540283203125)   3.32764206733     26 % 
(-0.260498046875, 0.960693359375, -0.188232421875)   3.33736257268     26 % 
(-0.247314453125, 1.08935546875, -0.165771484375)   3.34670697881     26 % 
(-0.2119140625, 0.814697265625, -0.333251953125)   3.35628644696     26 % 
(-0.23046875, 1.089111328125, -0.150634765625)   3.36575924831     26 % 
(-0.227294921875, 0.942626953125, -0.022705078125)   3.37529960529     26 % 
(0.781005859375, 0.9931640625, -0.042236328125)   3.38480717212     26 % 
(0.371337890625, 1.192138671875, -0.107177734375)   3.39509538184     26 % 
(-0.176513671875, 1.18017578125, -0.1728515625)   3.40428334335     26 % 
(-0.18505859375, 1.1201171875, -0.16650390625)   3.41382646577     26 % 
(-0.119384765625, 0.812255859375, -0.091796875)   3.42355013161     26 % 
(-0.088623046875, 0.9921875, -0.1904296875)   3.45249317826     26 % 
(-0.19384765625, 1.31787109375, -0.162109375)   3.46192647339     26 % 
(-0.03759765625, 0.450927734375, -0.100341796875)   3.4719337939     26 % 
(-0.16357421875, 1.23193359375, -0.15673828125)   3.48148560769     26 % 
(-0.07568359375, 0.6904296875, -0.08154296875)   3.49100502638     26 % 
(-0.1640625, 1.022705078125, -0.0732421875)   3.5005513093     26 % 
(-0.1357421875, 0.917236328125, -0.05224609375)   3.51062737062     26 % 
(-0.213623046875, 1.23486328125, -0.10986328125)   3.52008673986     26 % 
(-0.105712890625, 0.884765625, -0.081298828125)   3.52960576348     26 % 
(-0.161376953125, 1.07275390625, -0.066650390625)   3.53909831794     26 % 
(-0.144775390625, 0.892333984375, -0.05078125)   3.54868884783     26 % 
(1.910888671875, 0.806884765625, 0.06982421875)   3.55821340233     26 % 
(0.89794921875, 0.708984375, -0.038330078125)   3.56772887039     26 % 
(-0.1689453125, 1.017578125, -0.050537109375)   3.57773500571     26 % 
(-0.22802734375, 0.93603515625, -0.03076171875)   3.58728089357     26 % 
(-0.168701171875, 1.016845703125, -0.057861328125)   3.59737236232     26 % 
(0.860107421875, 0.7294921875, 0.052490234375)   3.60729592963     26 % 
(1.141357421875, 0.656005859375, -0.2138671875)   3.6168761879     26 % 
(1.345703125, 0.838623046875, -0.356201171875)   3.6264655326     26 % 
(1.669189453125, 0.6904296875, -0.665283203125)   3.63594267964     26 % 
(1.187255859375, 1.112060546875, -0.367919921875)   3.64592353097     26 % 
(0.07568359375, 0.63232421875, -0.496337890625)   3.65549075219     26 % 
(-0.144287109375, 1.190673828125, -0.76123046875)   3.66550083812     26 % 
(-0.261474609375, 0.802978515625, -0.562255859375)   3.67499931852     26 % 
(-0.309326171875, 0.723876953125, -0.47314453125)   3.68478816963     26 % 
(-0.164306640625, 1.015625, -0.58935546875)   3.69410689672     26 % 
(-0.24609375, 0.756103515625, -0.092041015625)   3.70363540184     26 % 
(-0.460205078125, 0.732666015625, -0.07373046875)   3.71311531431     26 % 
(-0.3447265625, 0.920166015625, -0.3232421875)   3.72316727684     26 % 
(-0.262939453125, 0.772216796875, -0.63232421875)   3.73266654736     26 % 
(-0.211181640625, 1.223388671875, -0.768798828125)   3.75176227369     26 % 
(-0.07421875, 0.913330078125, -0.51513671875)   3.7612627294     26 % 
(-0.25537109375, 1.35400390625, -0.292724609375)   3.77125898816     26 % 
(-0.022216796875, 0.6171875, 0.067138671875)   3.78083371556     26 % 
(-0.166015625, 0.953857421875, 0.23876953125)   3.79037249229     26 % 
(-0.053466796875, 1.035888671875, -0.639892578125)   3.80007917046     26 % 
(-0.0771484375, 0.7548828125, -0.37158203125)   3.80942871241     26 % 
(-0.0390625, 1.051025390625, -0.09619140625)   3.81940284769     26 % 
(-0.14306640625, 1.056640625, -0.340087890625)   3.82893135281     26 % 
(0.024658203125, 0.979248046875, 0.3544921875)   3.83846736411     26 % 
(-0.03955078125, 1.130126953125, -0.1396484375)   3.84846757349     26 % 
(-0.065673828125, 1.283203125, -0.073486328125)   3.85806126388     26 % 
(-0.002685546875, 0.8447265625, 0.01123046875)   3.86795836202     26 % 
(-0.0400390625, 0.967529296875, -0.2646484375)   3.87756350921     26 % 
(0.0947265625, 1.1552734375, -0.220703125)   3.88757557046     26 % 
(0.054443359375, 0.701416015625, -0.1103515625)   3.89707010023     26 % 
(0.029541015625, 1.1328125, 0.0966796875)   3.90709401335     26 % 
(0.09814453125, 0.82373046875, -0.211669921875)   3.91677224704     26 % 
(0.1181640625, 0.81005859375, -0.0908203125)   3.92614628284     26 % 
(0.00927734375, 1.173828125, -0.17822265625)   3.93565384966     26 % 
(0.045166015625, 1.0517578125, -0.127685546875)   3.94523924374     26 % 
(0.064208984375, 0.923828125, -0.026611328125)   3.95474088463     26 % 
(0.072021484375, 1.019287109375, -0.074462890625)   3.964753736     26 % 
(0.087890625, 1.079833984375, -0.114013671875)   3.97441537708     26 % 
(0.103271484375, 0.898681640625, -0.096435546875)   3.98383800554     26 % 
(0.0986328125, 1.03076171875, -0.0947265625)   3.99335268348     26 % 
(0.088623046875, 0.9541015625, -0.06494140625)   4.00287565773     26 % 
(0.0166015625, 0.95458984375, 0.0283203125)   4.01287428686     26 % 
(-0.019775390625, 0.989013671875, -0.0244140625)   4.02240279198     26 % 
(0.001953125, 0.979736328125, -0.021728515625)   4.03238996431     26 % 
(0.0, 0.96533203125, -0.020263671875)   4.0416565432     26 % 
(-0.012939453125, 1.002685546875, -0.010498046875)   4.051195715     26 % 
(-0.001708984375, 0.9658203125, -0.030517578125)   4.06121133181     26 % 
(-0.0078125, 0.990234375, -0.022216796875)   4.07075405917     26 % 
(0.006103515625, 0.957763671875, -0.022216796875)   4.08023831732     26 % 
(-0.003173828125, 0.963623046875, -0.022216796875)   4.08993037819     26 % 
(-0.00634765625, 0.96923828125, -0.01953125)   4.09934115477     26 % 
(-0.00341796875, 0.97412109375, -0.02197265625)   4.10884358579     26 % 
(-0.003173828125, 0.968017578125, -0.025146484375)   4.11837959709     26 % 
(-0.003662109375, 0.976318359375, -0.025390625)   4.1279092874     26 % 
(0.0, 0.97509765625, -0.02294921875)   4.13742949621     26 % 
(0.0009765625, 0.9755859375, -0.023681640625)   4.14756244649     26 % 
(-0.000732421875, 0.97412109375, -0.01806640625)   4.1569834947     26 % 
(-0.000244140625, 0.971435546875, -0.02197265625)   4.16655111097     26 % 
(-0.00244140625, 0.97509765625, -0.021484375)   4.17605433211     26 % 
(-0.0029296875, 0.974609375, -0.021728515625)   4.185555973     26 % 
(-0.004150390625, 0.972900390625, -0.0205078125)   4.19507894725     26 % 
(-0.0048828125, 0.976318359375, -0.022705078125)   4.20468488456     26 % 
(-0.00390625, 0.97265625, -0.02001953125)   4.21411304389     26 % 
(0.00341796875, 0.97021484375, -0.02099609375)   4.22364866013     26 % 
(-0.00341796875, 0.97119140625, -0.020263671875)   4.23319889367     26 % 
(0.13427734375, 0.636962890625, 0.0283203125)   4.24321609073     26 % 
(0.0263671875, 0.7392578125, 0.0009765625)   4.25275091684     26 % 
(-0.016845703125, 1.036376953125, -0.02294921875)   4.26282302754     26 % 
(-0.004150390625, 0.988037109375, -0.021728515625)   4.27233098943     26 % 
(-0.115966796875, 0.91943359375, -0.052001953125)   4.2818140624     26 % 
(-0.366943359375, 0.98779296875, -0.18701171875)   4.29132716009     26 % 
(0.24560546875, -0.23388671875, -1.441650390625)   4.30082010961     26 % 
(-0.416015625, 1.487548828125, 1.999755859375)   4.31038812095     26 % 
(-0.543701171875, 1.999755859375, 0.75732421875)   4.32016274982     26 % 
(-0.516845703125, 0.9677734375, -0.106689453125)   4.32995041574     26 % 
(0.06298828125, 1.278076171875, -0.0986328125)   4.34900150005     26 % 
(0.23095703125, 1.173583984375, -0.829833984375)   4.35903173416     26 % 
(0.186767578125, 0.927978515625, -0.308349609375)   4.36856972077     26 % 
(0.199951171875, 1.015869140625, -0.057373046875)   4.37816696672     26 % 
(0.05859375, 0.86572265625, 0.018798828125)   4.3875485087     26 % 
(0.185791015625, 1.16162109375, -0.41796875)   4.39710071755     26 % 
(0.26171875, 1.28369140625, 0.03515625)   4.40658379052     26 % 
(0.12646484375, 0.62109375, -0.193115234375)   4.4162130365     26 % 
(0.254638671875, 1.299072265625, 0.322265625)   4.42570756627     26 % 
(0.168701171875, 0.71728515625, -0.005615234375)   4.4352882196     26 % 
(0.0966796875, 1.36279296875, -0.0751953125)   4.45480587236     26 % 
(0.137939453125, 0.8828125, 0.053955078125)   4.46429842682     26 % 
(0.155029296875, 0.880126953125, 0.053466796875)   4.47377715411     26 % 
(0.10498046875, 0.954833984375, 0.085693359375)   4.48333647408     26 % 
(0.061279296875, 1.18701171875, 0.075439453125)   4.49310083133     26 % 
(0.064453125, 0.955078125, 0.0712890625)   4.50260523766     26 % 
(0.058349609375, 1.325439453125, 0.0693359375)   4.51213611315     26 % 
(0.06787109375, 1.00146484375, 0.089111328125)   4.52166896395     26 % 
(0.08447265625, 0.962646484375, 0.08837890625)   4.53121169131     26 % 
(0.02294921875, 0.964599609375, -0.018798828125)   4.54072202357     26 % 
(0.005615234375, 0.958251953125, -0.01904296875)   4.55088539364     26 % 
(-0.00146484375, 0.981689453125, -0.024169921875)   4.56026417019     26 % 
(0.008056640625, 0.964599609375, -0.022216796875)   4.56981795929     26 % 
(0.00537109375, 0.972412109375, -0.023193359375)   4.58886035223     26 % 
(0.00830078125, 0.97509765625, -0.024658203125)   4.59840663515     26 % 
(0.00244140625, 0.974853515625, -0.023681640625)   4.60842738777     26 % 
(0.001953125, 0.97119140625, -0.023193359375)   4.61839204155     26 % 
(0.00537109375, 0.971923828125, -0.02294921875)   4.62795689239     26 % 
(0.004150390625, 0.97314453125, -0.02197265625)   4.63795433634     26 % 
(0.00146484375, 0.9755859375, -0.01953125)   4.64741844632     26 % 
(0.00048828125, 0.96923828125, -0.021484375)   4.65695327244     26 % 
(0.00634765625, 0.97216796875, -0.023193359375)   4.66654854307     26 % 
(0.00830078125, 0.9775390625, -0.023193359375)   4.68556999771     26 % 
(0.004638671875, 0.973876953125, -0.02392578125)   4.69508270034     26 % 
(0.001220703125, 0.970947265625, -0.022216796875)   4.70463016845     26 % 
(0.00439453125, 0.974609375, -0.02197265625)   4.71415393282     26 % 
(0.00341796875, 0.976806640625, -0.02197265625)   4.72422130278     26 % 
(0.00390625, 0.9755859375, -0.0234375)   4.73353054838     26 % 
(0.005859375, 0.969970703125, -0.022705078125)   4.743062214     26 % 
(0.00634765625, 0.970703125, -0.0234375)   4.75305333695     26 % 
(0.00146484375, 0.97998046875, -0.0244140625)   4.76261226186     26 % 
(0.004150390625, 0.9716796875, -0.022216796875)   4.78185021059     26 % 
(0.0068359375, 0.97509765625, -0.0224609375)   4.7917038519     26 % 
(0.00830078125, 0.97412109375, -0.025146484375)   4.80123867801     26 % 
(0.005859375, 0.9775390625, -0.0224609375)   4.81071819542     26 % 
(0.0078125, 0.974853515625, -0.021728515625)   4.82029568825     26 % 
(0.00537109375, 0.9716796875, -0.022216796875)   4.82981945263     26 % 
(-0.559814453125, 0.71630859375, 0.344482421875)   4.83948543939     26 % 
(-0.2880859375, 1.370361328125, 0.070068359375)   4.84883735171     26 % 
(0.0166015625, 1.023681640625, -0.381103515625)   4.85840970873     26 % 
(0.031005859375, 1.40185546875, -0.397216796875)   4.86841268355     26 % 
(-0.31103515625, 0.909423828125, -0.36181640625)   4.87794513929     26 % 
(-0.36181640625, 1.251953125, -0.427490234375)   4.8874716691     26 % 
(-0.404296875, 1.31005859375, -0.73388671875)   4.90653737071     26 % 
(0.165283203125, 0.004150390625, -0.04736328125)   4.92557225747     26 % 
(-0.03271484375, 0.746826171875, -0.23291015625)   4.93558589897     26 % 
(0.051025390625, 0.866943359375, -0.334228515625)   4.94515628068     26 % 
(0.01904296875, 0.927734375, -0.351318359375)   4.95484518105     26 % 
(0.034912109375, 0.7451171875, -0.404052734375)   4.96425161195     26 % 
(-0.044677734375, 1.001953125, 0.24365234375)   4.97375641334     26 % 
(-0.069091796875, 0.980224609375, 0.183837890625)   4.98325133817     26 % 
(-0.044677734375, 0.955322265625, 0.1796875)   4.99279920134     26 % 
(-0.039794921875, 0.46240234375, 0.030029296875)   5.00231111385     26 % 
(-0.06884765625, 0.54248046875, -0.01171875)   5.01186292764     26 % 
(0.032958984375, 0.7421875, -0.08984375)   5.03141258044     26 % 
(-0.11767578125, 1.042724609375, 0.043701171875)   5.04093673988     26 % 
(-0.06640625, 0.97216796875, 0.085205078125)   5.05093734432     26 % 
(-0.097412109375, 0.939697265625, 0.0458984375)   5.06050654085     26 % 
(-0.0859375, 1.129638671875, 0.17138671875)   5.07006625588     26 % 
(-0.009521484375, 0.644287109375, 0.105224609375)   5.07948848927     26 % 
(0.387939453125, 1.312255859375, -0.7353515625)   5.08901462402     26 % 
(-0.139404296875, 0.750732421875, -0.062744140625)   5.09906342605     26 % 
(-0.05859375, 0.785400390625, -0.08935546875)   5.10652812626     26 % 
(-0.170166015625, 1.406494140625, -0.2646484375)   5.11416823408     26 % 
(-0.042724609375, 0.981201171875, -0.6845703125)   5.12795274424     26 % 
(-0.1689453125, 1.151611328125, 0.145263671875)   5.13776490402     26 % 
(0.00341796875, 0.55908203125, -0.085693359375)   5.14737597714     26 % 
(-0.34375, 0.97802734375, 0.17529296875)   5.15731969263     26 % 
(-0.131103515625, 0.447998046875, -0.119384765625)   5.16683792613     26 % 
(-0.48095703125, 0.4755859375, -0.2744140625)   5.18616357866     26 % 
(-0.09228515625, 1.544921875, 0.13037109375)   5.19589000994     26 % 
(-0.060546875, 0.640869140625, -0.270263671875)   5.20596093546     26 % 
(-0.36328125, 1.239501953125, 0.618408203125)   5.21599828069     26 % 
(-0.05419921875, 0.904296875, -0.0322265625)   5.2259929592     26 % 
(0.1279296875, 0.935302734375, -0.064697265625)   5.23548946428     26 % 
(0.130859375, 1.245361328125, 0.13232421875)   5.24518784615     26 % 
(0.071533203125, 1.0, -0.134765625)   5.25457294369     26 % 
(0.04248046875, 0.868896484375, -0.1484375)   5.26412278217     26 % 
(-0.19873046875, 1.181396484375, -0.4921875)   5.27362876875     26 % 
(-0.251708984375, 1.17041015625, -0.060302734375)   5.29270869259     26 % 
(-0.452880859375, 0.91357421875, -0.03662109375)   5.30239877815     26 % 
(-0.44482421875, 1.129638671875, -0.042724609375)   5.3117127645     26 % 
(-0.590576171875, 0.899658203125, -0.905029296875)   5.32129420795     26 % 
(-0.79296875, 1.816162109375, -0.264892578125)   5.33078676241     26 % 
(-0.947509765625, 0.177978515625, 0.34814453125)   5.34027931687     26 % 
(-0.602294921875, 1.7451171875, 0.0908203125)   5.34977266146     26 % 
(-0.810791015625, 0.79150390625, -0.259521484375)   5.35932566044     26 % 
(0.28125, 1.289306640625, -0.09228515625)   5.36882295564     26 % 
(-0.0244140625, 1.10546875, 0.22802734375)   5.3884231764     26 % 
(0.2197265625, 0.868896484375, -0.176513671875)   5.39796274326     26 % 
(-1.999755859375, 0.7490234375, -1.499755859375)   5.40776937217     26 % 
(0.05419921875, 0.92236328125, -0.32666015625)   5.41754360598     26 % 
(0.139892578125, 0.32275390625, -0.205078125)   5.42733877808     26 % 
(0.296630859375, 0.43359375, -0.1591796875)   5.43681671524     26 % 
(2.0, 0.80224609375, -2.0)   5.44637524509     26 % 
(-0.2109375, 0.966064453125, -0.113037109375)   5.4564315533     26 % 
(-1.297607421875, 1.327880859375, -0.0654296875)   5.46595176212     26 % 
(-0.6689453125, 0.940673828125, 0.15576171875)   5.47556718092     26 % 
(0.97119140625, 0.961181640625, 1.999755859375)   5.48501588348     26 % 
(-0.19970703125, 0.635498046875, -0.109619140625)   5.49455663552     26 % 
(-0.201904296875, 1.01904296875, -0.1083984375)   5.50406420235     26 % 
(-0.0615234375, 0.958251953125, -0.08251953125)   5.51402964626     26 % 
(0.001953125, 0.90966796875, -0.13232421875)   5.52361187984     26 % 
(0.024658203125, 1.03466796875, -0.1201171875)   5.53326878017     26 % 
(-0.046142578125, 1.037353515625, -0.07373046875)   5.54268666788     26 % 
(0.076171875, 1.056396484375, -0.0078125)   5.55214959267     26 % 
(0.071533203125, 0.81298828125, 0.039306640625)   5.5617270855     26 % 
(0.129638671875, 0.906494140625, 0.010498046875)   5.58107762696     26 % 
(0.130859375, 0.8447265625, 0.044921875)   5.5906831692     26 % 
(0.0029296875, 1.055419921875, -0.015380859375)   5.60014372363     26 % 
(-0.05615234375, 1.017333984375, -0.01806640625)   5.60966116701     26 % 
(0.0185546875, 0.840576171875, -0.009765625)   5.61920073387     26 % 
(-0.008544921875, 1.080810546875, -0.037109375)   5.62871699206     26 % 
(-0.01416015625, 1.03515625, -0.041748046875)   5.63871562119     26 % 
(0.02734375, 0.84765625, -0.02197265625)   5.64834131161     26 % 
(-0.0068359375, 1.078125, -0.02685546875)   5.65777855737     26 % 
(-0.020263671875, 0.859619140625, 0.077880859375)   5.66728454394     26 % 
(-0.805908203125, 1.999755859375, -0.03076171875)   5.67683201205     26 % 
(0.2021484375, -0.5830078125, -0.032958984375)   5.69588625685     26 % 
(-0.043701171875, 1.160400390625, -0.02392578125)   5.70602750344     26 % 
(0.072021484375, 0.55712890625, 0.014404296875)   5.71545052695     26 % 
(-0.04443359375, 1.089599609375, -0.02099609375)   5.72493952585     26 % 
(-0.006103515625, 0.90576171875, -0.0322265625)   5.7344510433     26 % 
(-0.013427734375, 1.04638671875, -0.0263671875)   5.7439870546     26 % 
(0.000244140625, 0.9375, -0.0244140625)   5.75353965852     26 % 
(-0.0068359375, 0.977783203125, -0.02294921875)   5.76320841072     26 % 
(-0.01220703125, 0.987060546875, -0.025390625)   5.77008486331     26 % 
(-0.0078125, 0.983642578125, -0.02490234375)   5.79016350439     26 % 
(-0.00732421875, 0.970947265625, -0.023681640625)   5.80014159029     26 % 
(-0.004150390625, 0.9765625, -0.02197265625)   5.80969340408     26 % 
(-0.005126953125, 0.97119140625, -0.024658203125)   5.8197643296     26 % 
(-0.00634765625, 0.97314453125, -0.024169921875)   5.82925688406     26 % 
(-0.01416015625, 0.77783203125, 0.236083984375)   5.83879645092     26 % 
(-0.104736328125, 1.0419921875, 0.00146484375)   5.84830046218     26 % 
(-0.01513671875, 0.965087890625, 0.01025390625)   5.85783252286     26 % 
(0.010498046875, 0.973388671875, 0.027099609375)   5.86734443537     26 % 
(0.0107421875, 0.992919921875, 0.197998046875)   5.8769752616     26 % 
(-0.099853515625, 1.099853515625, 0.414794921875)   5.88641606291     26 % 
(-0.15869140625, 1.090576171875, 0.754638671875)   5.90547346822     26 % 
(0.680419921875, 1.07080078125, 0.571533203125)   5.91498893628     26 % 
(0.449951171875, 1.342529296875, -0.46923828125)   5.92452139203     26 % 
(0.2197265625, 0.720458984375, -0.1337890625)   5.93453621871     26 % 
(0.50927734375, 0.919677734375, -0.158203125)   5.9440817115     26 % 
(0.50341796875, 0.92138671875, -0.392578125)   5.95358256227     26 % 
(0.812255859375, 1.067138671875, -0.8388671875)   5.96311778345     26 % 
(0.740478515625, 0.531005859375, 0.091552734375)   5.97263088114     26 % 
(0.77880859375, 0.4296875, -0.859619140625)   5.98213647266     26 % 
(0.103759765625, 1.5146484375, 0.02001953125)   5.99170724943     26 % 
(-0.416748046875, 0.471923828125, -0.101318359375)   6.00120059402     26 % 
(-0.653564453125, 0.28564453125, 0.582763671875)   6.01075201274     26 % 
(-0.25732421875, 1.505859375, 0.035400390625)   6.02027775243     26 % 
(-0.33544921875, 1.561767578125, -0.0859375)   6.03026848032     26 % 
(-0.232666015625, 1.104736328125, -0.044921875)   6.04011461544     26 % 
(-0.237060546875, 1.2734375, -0.48193359375)   6.04974899723     26 % 
(-0.152587890625, -0.040283203125, 0.009521484375)   6.05962239165     26 % 
(-0.041259765625, 0.58251953125, -0.416748046875)   6.06912956341     26 % 
(-0.359130859375, 1.29150390625, 0.31494140625)   6.07867742658     26 % 
(-0.102294921875, 1.306640625, -0.297119140625)   6.0883355121     26 % 
(-0.405029296875, 0.51806640625, 0.203369140625)   6.09778184428     26 % 
(0.177978515625, 1.21875, -0.78173828125)   6.10764259671     26 % 
(-0.17431640625, 1.451171875, -0.02978515625)   6.117121324     26 % 
(-0.083251953125, 0.938720703125, -0.025390625)   6.12666168098     26 % 
(0.02392578125, 1.377197265625, -0.214111328125)   6.13618860585     26 % 
(0.033447265625, 1.240234375, -0.37353515625)   6.14567958006     26 % 
(-0.2861328125, 1.480224609375, -0.1982421875)   6.1551745049     26 % 
(-0.181884765625, 1.8203125, 0.1669921875)   6.16482073855     26 % 
(0.038818359375, 0.247802734375, -0.140869140625)   6.17430973745     26 % 
(-0.2265625, 0.76220703125, -0.447998046875)   6.18378451411     26 % 
(0.016357421875, 0.883544921875, -0.65478515625)   6.19382185934     26 % 
(-0.145263671875, 1.177978515625, -0.3994140625)   6.20334562372     26 % 
(-0.137451171875, 0.9990234375, -0.092041015625)   6.21289625232     26 % 
(-0.114501953125, 0.81298828125, -0.114990234375)   6.22243344881     26 % 
(-0.12353515625, 1.51806640625, -0.181640625)   6.23189716373     26 % 
(0.0693359375, 0.5224609375, -0.033935546875)   6.24144581702     26 % 
(-0.00830078125, 1.07275390625, 0.24267578125)   6.25096997646     26 % 
(0.79150390625, 0.91845703125, 0.281005859375)   6.26097808709     26 % 
(-1.85498046875, 0.5576171875, -1.5830078125)   6.27056190091     26 % 
(-0.82080078125, 0.8583984375, -0.6689453125)   6.28018127034     26 % 
(-0.578857421875, 1.546875, 0.246337890625)   6.28950355299     26 % 
(-0.098876953125, 0.94970703125, -0.181396484375)   6.29911383599     26 % 
(-0.33837890625, 0.97216796875, -0.2998046875)   6.30915276147     26 % 
(-0.06689453125, 1.0439453125, -0.08349609375)   6.31868482214     26 % 
(0.019775390625, 0.96923828125, -0.12451171875)   6.32819633959     26 % 
(-0.085205078125, 0.9443359375, -0.039306640625)   6.33825975893     26 % 
(-0.0595703125, 0.94140625, 0.068359375)   6.34776969612     26 % 
(-0.054931640625, 0.95361328125, 0.089111328125)   6.35778096725     26 % 
(-0.032470703125, 0.94775390625, -0.042724609375)   6.36730473162     26 % 
(-0.069091796875, 1.106201171875, -0.107177734375)   6.37687274296     26 % 
(-0.04541015625, 0.961669921875, -0.18701171875)   6.39589261735     26 % 
(-0.228759765625, 1.436279296875, -0.257080078125)   6.41492434361     26 % 
(-0.24462890625, 1.832275390625, -0.10546875)   6.42494391104     26 % 
(-0.259765625, 1.255615234375, -0.068603515625)   6.43445108281     26 % 
(-0.1455078125, 1.230712890625, -0.08935546875)   6.44402067439     26 % 
(-0.10546875, 1.23583984375, -0.069580078125)   6.45354364864     26 % 
(-0.04345703125, 1.21875, -0.113525390625)   6.46308795625     26 % 
(-0.173095703125, 1.144775390625, -0.23291015625)   6.47254693043     26 % 
(-0.190673828125, 1.0078125, -0.14208984375)   6.4820916331     26 % 
(-0.087890625, 0.817626953125, -0.12353515625)   6.49167070618     26 % 
(-0.1669921875, 0.719970703125, -0.1044921875)   6.50117037176     26 % 
(-0.214111328125, 0.745849609375, -0.087890625)   6.51143527281     26 % 
(-0.25390625, 0.7373046875, -0.083984375)   6.52068012328     26 % 
(-0.22802734375, 0.72900390625, -0.065185546875)   6.5302410235     26 % 
(-0.0673828125, 0.6005859375, -0.06103515625)   6.54929684855     26 % 
(-0.056884765625, 0.41162109375, -0.0517578125)   6.55880797093     26 % 
(-0.07373046875, 0.389404296875, -0.0205078125)   6.57789658615     26 % 
(-0.0107421875, 0.328857421875, 0.01904296875)   6.58791141283     26 % 
(0.016845703125, 0.36328125, 0.064453125)   6.59792702964     26 % 
(-0.00146484375, 0.32080078125, 0.126953125)   6.61693189167     26 % 
(-0.195068359375, 0.67041015625, 0.1337890625)   6.63600865502     26 % 
(-0.211669921875, 1.02099609375, 0.0625)   6.64550436998     26 % 
(-0.249267578125, 1.184326171875, 0.04248046875)   6.66511486236     26 % 
(-0.177734375, 1.10986328125, 0.03955078125)   6.67509413344     26 % 
(-0.16748046875, 1.17529296875, 0.00439453125)   6.68470244113     26 % 
(-0.166748046875, 1.205810546875, -0.0078125)   6.69420250177     26 % 
(-0.2294921875, 1.16455078125, -0.111572265625)   6.7041604395     26 % 
(-0.2294921875, 1.185791015625, -0.16650390625)   6.71371185823     26 % 
(-0.139404296875, 1.177734375, -0.08935546875)   6.72323009173     26 % 
(-0.135498046875, 1.126708984375, -0.053466796875)   6.73279059689     26 % 
(-0.119384765625, 1.130859375, -0.024169921875)   6.74238428727     26 % 
(-0.1357421875, 1.130126953125, -0.01318359375)   6.75188711335     26 % 
(-0.16748046875, 1.092529296875, -0.0048828125)   6.76132238379     26 % 
(-0.119140625, 1.02978515625, -0.005859375)   6.77089711119     26 % 
(-0.096435546875, 0.9755859375, -0.000244140625)   6.78042956693     26 % 
(-0.0478515625, 0.73974609375, 0.042724609375)   6.78990039297     26 % 
(-0.107177734375, 1.159912109375, -0.0615234375)   6.79945102157     26 % 
(-0.0693359375, 0.826171875, -0.06787109375)   6.8089846625     26 % 
(-0.11328125, 0.89892578125, -0.056396484375)   6.81894971135     26 % 
(-0.0185546875, 0.8349609375, 0.001220703125)   6.8284955992     26 % 
(0.001953125, 0.884765625, -0.051025390625)   6.83800751171     26 % 
(-0.154052734375, 1.999755859375, -0.218505859375)   6.84804367176     26 % 
(-0.156005859375, 1.323974609375, -0.009033203125)   6.85820190602     26 % 
(-0.074951171875, 1.2197265625, -0.04248046875)   6.8675980653     26 % 
(0.050537109375, 1.05224609375, -0.0048828125)   6.87708508889     26 % 
(-0.24853515625, 1.460205078125, 0.00341796875)   6.88664914961     26 % 
(-0.268798828125, 1.654052734375, 0.130126953125)   6.89616066705     26 % 
(-0.226318359375, 1.439697265625, 0.05712890625)   6.90571801172     26 % 
(-0.1650390625, 1.1982421875, 0.119384765625)   6.91525757858     26 % 
(-0.1669921875, 1.220947265625, -0.058837890625)   6.92524356572     26 % 
(-0.114990234375, 1.246337890625, -0.111328125)   6.93480328075     26 % 
(-0.09521484375, 1.049072265625, -0.125)   6.94429781053     26 % 
(-0.155029296875, 1.044189453125, -0.117919921875)   6.95382631565     26 % 
(-0.1337890625, 0.953369140625, -0.09130859375)   6.96331768492     26 % 
(-0.174560546875, 0.860595703125, -0.0126953125)   6.97317764722     26 % 
(-0.117919921875, 0.728759765625, 0.00048828125)   6.98286417722     26 % 
(-0.079345703125, 0.626220703125, 0.0078125)   6.99240058359     26 % 
(-0.08056640625, 0.521484375, 0.0078125)   7.00193619983     26 % 
(-0.053466796875, 0.39501953125, -0.06298828125)   7.01145048271     26 % 
(-0.035888671875, 0.322265625, -0.0888671875)   7.02097938289     26 % 
(-0.04736328125, 0.256591796875, -0.10546875)   7.03053238187     26 % 
(0.0, 0.28515625, -0.05322265625)   7.04003323263     26 % 
(0.05810546875, 0.3271484375, 0.047607421875)   7.04955620688     26 % 
(0.120361328125, 0.424072265625, 0.03369140625)   7.05942486055     26 % 
(-0.068359375, 0.652587890625, 0.02880859375)   7.06890753846     26 % 
(-0.194091796875, 1.053955078125, 0.01220703125)   7.08860020377     26 % 
(-0.2021484375, 1.479736328125, 0.0908203125)   7.09796791858     26 % 
(-0.23095703125, 1.61474609375, 0.0927734375)   7.10752131262     26 % 
(-0.250732421875, 1.760498046875, 0.071044921875)   7.11702808932     26 % 
(-0.268798828125, 1.79638671875, 0.06201171875)   7.12658069323     26 % 
(-0.26708984375, 1.66650390625, -0.04931640625)   7.13610564279     26 % 
(-0.293212890625, 1.757568359375, 0.0703125)   7.14569340724     26 % 
(-0.26220703125, 1.641845703125, 0.0634765625)   7.15515396166     26 % 
(-0.2412109375, 1.503173828125, 0.026123046875)   7.16471604707     26 % 
(-0.236328125, 1.39404296875, 0.01513671875)   7.17418963855     26 % 
(-0.197021484375, 1.1396484375, 0.019775390625)   7.18375211901     26 % 
(-0.196533203125, 0.931396484375, 0.02587890625)   7.19324980928     26 % 
(-0.13671875, 0.745361328125, 0.001953125)   7.20277712922     26 % 
(-0.065185546875, 0.39892578125, -0.06201171875)   7.22185468269     26 % 
(0.00146484375, 0.203369140625, -0.101806640625)   7.23134644703     26 % 
(0.020263671875, 0.105224609375, -0.1103515625)   7.24089035957     26 % 
(0.06298828125, -0.091552734375, -0.06298828125)   7.25039279059     26 % 
(0.116455078125, -0.102783203125, -0.05810546875)   7.2600571971     26 % 
(0.06005859375, 0.032470703125, -0.0341796875)   7.26992269028     26 % 
(-0.023193359375, 0.4091796875, 0.01171875)   7.27945870158     26 % 
(-0.06689453125, 0.710205078125, 0.016357421875)   7.28900656475     26 % 
(-0.15576171875, 1.03857421875, 0.078369140625)   7.2985263785     26 % 
(-0.2001953125, 1.458251953125, 0.1552734375)   7.30808174785     26 % 
(-0.234619140625, 1.64306640625, 0.1669921875)   7.31818072278     26 % 
(-0.2333984375, 1.73779296875, 0.169921875)   7.32806675919     26 % 
(-0.34228515625, 1.88232421875, 0.187255859375)   7.3376790175     26 % 
(-0.2890625, 1.941650390625, 0.24755859375)   7.34765947377     26 % 
(-0.322265625, 1.954345703125, 0.20166015625)   7.357696819     26 % 
(-0.33935546875, 1.892578125, 0.17919921875)   7.36719371914     26 % 
(-0.318359375, 1.780029296875, 0.165283203125)   7.37678582928     26 % 
(-0.2919921875, 1.45947265625, 0.12158203125)   7.38673310033     26 % 
(-0.192626953125, 1.09130859375, 0.0)   7.39631217341     26 % 
(-0.17724609375, 0.86181640625, -0.0927734375)   7.40582803654     26 % 
(-0.162109375, 0.6298828125, -0.1064453125)   7.41584483853     26 % 
(-0.1103515625, 0.359130859375, -0.10693359375)   7.42539862763     26 % 
(-0.097412109375, 0.25146484375, -0.08203125)   7.43493542906     26 % 
(-0.09033203125, 0.135009765625, -0.0615234375)   7.4448890211     26 % 
(-0.068115234375, 0.083984375, -0.08203125)   7.4549413787     26 % 
(-0.030029296875, -0.13720703125, -0.21044921875)   7.4651106747     26 % 
(0.03173828125, -0.166015625, -0.1796875)   7.47495957526     26 % 
(0.04248046875, -0.195068359375, -0.197021484375)   7.48459119161     26 % 
(0.034912109375, -0.081787109375, -0.238525390625)   7.49410823993     26 % 
(0.023681640625, 0.30517578125, -0.126953125)   7.504112795     26 % 
(-0.130615234375, 0.8955078125, 0.031005859375)   7.51361799145     26 % 
(-0.18603515625, 1.254638671875, 0.0908203125)   7.52315163238     26 % 
(-0.264404296875, 1.609375, 0.05810546875)   7.54292172988     26 % 
(-0.315185546875, 1.80029296875, -0.05908203125)   7.55297843316     26 % 
(-0.317138671875, 1.909912109375, -0.06005859375)   7.5624524197     26 % 
(-0.40625, 1.999755859375, -0.052490234375)   7.57194418403     26 % 
(-0.427734375, 1.999755859375, 0.0048828125)   7.58151930649     26 % 
(-0.431884765625, 1.999755859375, 0.124755859375)   7.59102845356     26 % 
(-0.3193359375, 1.967041015625, 0.1748046875)   7.60053048952     26 % 
(-0.30078125, 1.752685546875, 0.1484375)   7.61063657557     26 % 
(-0.221435546875, 1.443603515625, 0.138671875)   7.62013347571     26 % 
(-0.213623046875, 1.03564453125, 0.09814453125)   7.62961536349     26 % 
(-0.1748046875, 0.769775390625, 0.00830078125)   7.63965626428     26 % 
(-0.1376953125, 0.498779296875, -0.07568359375)   7.64918990521     26 % 
(-0.14111328125, 0.350341796875, -0.06640625)   7.6688640026     26 % 
(-0.014892578125, 0.093505859375, -0.021240234375)   7.67826055695     26 % 
(-0.024169921875, 0.045166015625, -0.025390625)   7.69782206162     26 % 
(0.07958984375, -0.10107421875, 0.000244140625)   7.70780172777     26 % 
(0.066162109375, -0.0751953125, 0.03271484375)   7.7172998131     26 % 
(0.050537109375, 0.12548828125, -0.031494140625)   7.72689784916     26 % 
(-0.1240234375, 0.554931640625, -0.09814453125)   7.73640936661     26 % 
(-0.13623046875, 0.77880859375, -0.0634765625)   7.74591061244     26 % 
(-0.14306640625, 1.03564453125, -0.021240234375)   7.75592267369     26 % 
(-0.23046875, 1.48486328125, 0.05859375)   7.77546324006     26 % 
(-0.2646484375, 1.63037109375, 0.042236328125)   7.78514818981     26 % 
(-0.30126953125, 1.6728515625, 0.01171875)   7.79452143548     26 % 
(-0.3330078125, 1.659912109375, -0.0087890625)   7.80409813819     26 % 
(-0.320068359375, 1.575439453125, -0.01904296875)   7.81409479201     26 % 
(-0.2978515625, 1.46826171875, -0.01416015625)   7.8236142107     26 % 
(-0.277099609375, 1.31103515625, -0.01953125)   7.83315891337     26 % 
(-0.256103515625, 1.218017578125, -0.002685546875)   7.84317294993     26 % 
(-0.239013671875, 1.1064453125, 0.019775390625)   7.85269829456     26 % 
(-0.193359375, 0.972900390625, -0.00146484375)   7.86221455275     26 % 
(-0.15283203125, 0.878662109375, -0.01220703125)   7.87177900853     26 % 
(-0.102783203125, 0.76123046875, -0.01318359375)   7.88177684754     26 % 
(-0.072998046875, 0.63525390625, -0.0361328125)   7.89129508104     26 % 
(-0.027099609375, 0.546630859375, -0.056884765625)   7.90084808002     26 % 
